numCols	numRows	pixelSize
71	71	1.4553755612435448
Z-data
0.0	0.0	0.0	0.0	0.0	0.0	0.0	0.0	0.0	0.0	0.0	0.0	0.0	0.0	0.0	0.0	0.0	0.0	0.0	0.0	0.0	0.0	0.0	0.0	0.0	0.0	0.0	0.0	0.0	0.0	0.0	0.0	0.0	0.0	0.0	0.0	0.0	0.0	0.0	0.0	0.0	0.0	0.0	0.0	0.0	0.0	0.0	0.0	0.0	0.0	0.0	0.0	0.0	0.0	0.0	0.0	0.0	0.0	0.0	0.0	0.0	0.0	0.0	0.0	0.0	0.0	0.0	0.0	0.0	0.0	0.0	
0.0	0.0	0.0	0.0	0.0	0.0	0.0	0.0	0.0	0.0	0.0	0.0	0.0	0.0	0.0	0.0	0.0	0.0	0.0	0.0	0.0	0.0	0.0	0.0	0.0	0.0	0.0	0.0	0.0	0.0	0.0	0.0	0.0	0.0	0.0	0.0	0.0	0.0	0.0	0.0	0.0	0.0	0.0	0.0	0.0	0.0	0.0	0.0	0.0	0.0	0.0	0.0	0.0	0.0	0.0	0.0	0.0	0.0	0.0	0.0	0.0	0.0	0.0	0.0	0.0	0.0	0.0	0.0	0.0	0.0	0.0	
0.0	0.0	0.0	0.0	0.0	0.0	0.0	0.0	0.0	0.0	0.0	0.0	0.0	0.0	0.0	0.0	0.0	0.0	0.0	0.0	0.0	0.0	0.0	0.0	0.0	0.0	0.0	0.0	0.0	0.0	0.0	2149.217946055342	2150.3550231526183	2153.043767812969	2154.384876260484	2155.181414476421	2157.720939950049	2161.3552129493896	2164.0539810685473	2165.6871803103195	0.0	0.0	0.0	0.0	0.0	0.0	0.0	0.0	0.0	0.0	0.0	0.0	0.0	0.0	0.0	0.0	0.0	0.0	0.0	0.0	0.0	0.0	0.0	0.0	0.0	0.0	0.0	0.0	0.0	0.0	0.0	
0.0	0.0	0.0	0.0	0.0	0.0	0.0	0.0	0.0	0.0	0.0	0.0	0.0	0.0	0.0	0.0	0.0	0.0	0.0	0.0	0.0	0.0	0.0	0.0	0.0	0.0	0.0	2158.615655804749	2158.6586996504993	2158.150697610007	2156.5130197949725	2153.8665192536	2152.1099224356085	2153.6992984365365	2154.7862470133164	2155.405839943369	2157.772818908149	2161.8466389496825	2165.6768264606153	2170.804670262603	2181.1221546305146	2191.9791223879884	2203.2155148861075	2213.1592104762785	2221.1637179375066	0.0	0.0	0.0	0.0	0.0	0.0	0.0	0.0	0.0	0.0	0.0	0.0	0.0	0.0	0.0	0.0	0.0	0.0	0.0	0.0	0.0	0.0	0.0	0.0	0.0	0.0	
0.0	0.0	0.0	0.0	0.0	0.0	0.0	0.0	0.0	0.0	0.0	0.0	0.0	0.0	0.0	0.0	0.0	0.0	0.0	0.0	0.0	0.0	0.0	0.0	2183.0333831170683	2170.8077610348982	2163.706380397034	2161.409784660388	2160.028219887184	2159.6562243858075	2159.650258498188	2158.066607449815	2155.965117936983	2156.086549726966	2157.4815589991904	2158.2256405811913	2160.479253630239	2164.0199697882485	2168.5056103019724	2177.9913983298857	2192.634424083114	2207.231441459005	2222.860136233188	2235.7911036291084	2246.5219062673473	2254.5572635014805	2261.10309762276	2269.69957758528	0.0	0.0	0.0	0.0	0.0	0.0	0.0	0.0	0.0	0.0	0.0	0.0	0.0	0.0	0.0	0.0	0.0	0.0	0.0	0.0	0.0	0.0	0.0	
0.0	0.0	0.0	0.0	0.0	0.0	0.0	0.0	0.0	0.0	0.0	0.0	0.0	0.0	0.0	0.0	0.0	0.0	0.0	0.0	0.0	2220.9563549668546	2210.434705282749	2199.130432877409	2185.5801202609064	2175.0814098661813	2168.1110214467717	2165.1147618156256	2163.4563163308594	2162.38294920245	2161.843360348447	2160.6496338899774	2159.392128282749	2159.9615506150963	2164.6326419098314	2166.2976462401175	2167.6464562013716	2169.6110670799144	2171.7716814507894	2183.8493358596443	2201.55149039958	2221.228998902048	2240.202610228975	2256.5758401685503	2269.9639779059025	2279.791370256724	2288.0912575048665	2297.9503231047356	2308.917910542604	2324.2613723658246	0.0	0.0	0.0	0.0	0.0	0.0	0.0	0.0	0.0	0.0	0.0	0.0	0.0	0.0	0.0	0.0	0.0	0.0	0.0	0.0	0.0	
0.0	0.0	0.0	0.0	0.0	0.0	0.0	0.0	0.0	0.0	0.0	0.0	0.0	0.0	0.0	0.0	0.0	0.0	0.0	2230.739325305444	2220.782417864584	2212.290314557781	2203.4542810722874	2194.4798812313766	2186.037324414241	2177.9976352595145	2172.9429899791958	2170.5708616707598	2169.0979660581306	2167.6750145840715	2165.061139766522	2162.470496814153	2158.8003304442586	2161.2364170419983	2175.900522307445	2181.7633481494117	2182.73121504787	2174.1508781824587	2169.549715354249	2184.0065343917154	2206.9913187910784	2230.3523542148832	2253.0707909284733	2272.1377803071905	2287.993408933207	2300.6506712199666	2311.1734178624943	2321.6516449823025	2332.8262265126796	2348.1223138301893	2366.4533758128737	2388.602528721853	0.0	0.0	0.0	0.0	0.0	0.0	0.0	0.0	0.0	0.0	0.0	0.0	0.0	0.0	0.0	0.0	0.0	0.0	0.0	
0.0	0.0	0.0	0.0	0.0	0.0	0.0	0.0	0.0	0.0	0.0	0.0	0.0	0.0	0.0	0.0	0.0	0.0	2218.562233745128	2214.260716307482	2208.389319283311	2203.373251547487	2197.774563759453	2191.7629345417404	2185.8245828271592	2180.8125193453197	2178.460080266857	2177.845371826337	2177.5068376129657	2175.751098317829	2171.538008554383	2166.008295142485	2159.0751613644106	2160.8701524061385	2178.1595337575377	2195.07985059698	2191.9891747940505	2173.1801060402568	2168.1863484110145	2186.057768077947	2211.409240449396	2236.880820126295	2260.6168118487117	2281.226332369844	2298.2162184566246	2313.4455652471834	2328.0101748794305	2340.1906230960085	2352.659982808399	2367.768143966433	2386.1819727008997	2407.911899169364	2438.9101437795157	2485.336840496674	0.0	0.0	0.0	0.0	0.0	0.0	0.0	0.0	0.0	0.0	0.0	0.0	0.0	0.0	0.0	0.0	0.0	
0.0	0.0	0.0	0.0	0.0	0.0	0.0	0.0	0.0	0.0	0.0	0.0	0.0	0.0	0.0	0.0	2223.7472607936857	2206.719173819121	2199.9157040080045	2196.9383621426937	2194.494439907373	2193.4950497933237	2191.8424485328615	2189.2851484622634	2186.1139690177515	2183.687942797512	2184.297836437839	2185.5602529439548	2186.3237144758496	2184.8324223968407	2180.357228449809	2173.327134862877	2165.2331731520776	2162.2597017477137	2171.5948024813447	2194.0176289581495	2189.1035442494567	2170.830370592397	2174.4565790337297	2193.1277001938934	2214.9368046151144	2238.9879038291915	2262.200104298397	2282.841430322712	2301.5900930286043	2320.040862482604	2338.7981775408384	2353.453409441572	2367.152317056473	2382.946607997962	2401.006867358336	2421.959607785864	2447.758097499433	2484.674160888005	2516.5898754503323	0.0	0.0	0.0	0.0	0.0	0.0	0.0	0.0	0.0	0.0	0.0	0.0	0.0	0.0	0.0	0.0	
0.0	0.0	0.0	0.0	0.0	0.0	0.0	0.0	0.0	0.0	0.0	0.0	0.0	0.0	0.0	2225.5775294750515	2205.0787455993577	2188.757077629053	2182.2472255122307	2179.5791728669838	2179.7056963395917	2183.7130457394946	2186.6620197134744	2186.216144029858	2186.4014657153907	2186.5296020405085	2189.266372902811	2192.458390099891	2193.9129182040115	2193.294582627504	2189.8936500320438	2183.453268929869	2175.446713381033	2168.8365289795433	2169.182457749639	2181.3376993785087	2179.009025412429	2181.1520232218436	2190.7890720617843	2204.8401587703192	2214.1604068369693	2234.276092155026	2258.565892020039	2279.1497858015928	2299.5118540667795	2321.157983687126	2342.2281970603512	2359.45961581549	2375.158653581954	2392.08274014887	2408.985202750622	2427.4444937209746	2448.340959953848	2471.8887482565133	2492.6909243506475	2495.728041814159	2481.416281146434	0.0	0.0	0.0	0.0	0.0	0.0	0.0	0.0	0.0	0.0	0.0	0.0	0.0	0.0	
0.0	0.0	0.0	0.0	0.0	0.0	0.0	0.0	0.0	0.0	0.0	0.0	0.0	0.0	2209.857086205322	2200.8151894804814	2183.9957221234176	2170.0885757285805	2163.974674457515	2162.1505565704265	2162.9322053864503	2169.16270840366	2181.736601269956	2187.1827121157653	2187.5293909315405	2188.861596602436	2193.9700517272804	2198.599883667613	2200.1119037073386	2200.393297440963	2198.6891920769885	2194.3037871352562	2187.1904474434664	2179.163067239025	2174.240377544592	2175.566570325207	2184.642224250988	2200.004486745597	2211.5162266799166	2212.8659534190433	2214.6590542299145	2230.496858371648	2253.1241228248887	2273.5938045214966	2292.5238836350823	2314.2992759934286	2336.8473607029805	2356.7430736440883	2374.918726258309	2392.3857454093463	2409.518423493747	2426.2389827322368	2442.6512731654298	2457.658107046698	2469.717680024011	2469.630304073537	2457.6732249822585	2432.5384317277894	0.0	0.0	0.0	0.0	0.0	0.0	0.0	0.0	0.0	0.0	0.0	0.0	0.0	
0.0	0.0	0.0	0.0	0.0	0.0	0.0	0.0	0.0	0.0	0.0	0.0	0.0	2201.8801745971323	2189.2204164855234	2178.815010983319	2164.318082137957	2153.078199586467	2147.495290578037	2146.666416450039	2147.434935476724	2154.697575836503	2167.96238202981	2177.8474021749385	2182.864597340559	2187.6804542547948	2196.3900511482707	2202.761404995942	2205.3112973819584	2205.9687706655573	2205.94516825855	2204.1550204226187	2199.564814858057	2191.9072963325857	2183.344397035209	2181.5590411645444	2197.485296586603	2221.0995611446087	2237.4462057019896	2228.394441407484	2219.4857564112535	2230.123403043282	2247.763191205973	2265.533964150628	2282.675714634692	2303.270418177726	2323.464567791343	2343.418602187781	2365.1240892441647	2384.739380373387	2403.0531892530917	2418.9525574683967	2434.4528079911643	2445.8687768732807	2451.818234001488	2451.3030707547077	2441.0971592963665	2420.961265606774	2393.856322673512	0.0	0.0	0.0	0.0	0.0	0.0	0.0	0.0	0.0	0.0	0.0	0.0	
0.0	0.0	0.0	0.0	0.0	0.0	0.0	0.0	0.0	0.0	0.0	0.0	2212.9369188596656	2189.0562322987716	2173.333952416652	2161.2253564200546	2149.782245215182	2140.300845714988	2135.4124892298287	2134.781301675757	2136.151654604782	2142.7722812198135	2154.121503503514	2165.365254625243	2174.3571260113076	2183.322235633403	2194.1967688567743	2202.908690579751	2207.3875841828394	2209.7245871594287	2211.027266315428	2211.8336329897847	2211.9504427926854	2206.469624759502	2194.9470735288237	2195.189032439271	2215.486068202671	2251.6572539052186	2267.32630663163	2244.7925665376847	2223.4946781265785	2228.232878416436	2244.0796934838836	2258.381509738401	2272.6647203946413	2288.640115636294	2307.102019193962	2327.96793186867	2348.7610736127995	2368.9821410015775	2390.0526082497627	2408.138019743876	2423.2088886232564	2432.2478107922943	2439.216990626598	2438.965077684297	2430.960117014479	2415.06499583412	2391.4264737075755	2365.5604888145504	0.0	0.0	0.0	0.0	0.0	0.0	0.0	0.0	0.0	0.0	0.0	
0.0	0.0	0.0	0.0	0.0	0.0	0.0	0.0	0.0	0.0	0.0	2227.4951187074107	2201.1672252893973	2178.6624141123466	2160.0351609110853	2148.4654945653165	2138.8292949590195	2131.4938709158832	2128.23388494047	2128.224669339005	2131.628361859993	2137.23694766104	2144.703875084209	2154.8010725816084	2165.475835920434	2176.5037638046206	2187.978766018926	2198.39149165426	2206.206955036945	2211.092326623446	2214.400852972566	2217.393424494175	2220.7302507692657	2219.9799825321443	2211.596141463124	2209.6809329196217	2236.973590362147	2276.437450180439	2281.2336292856708	2249.734428111206	2224.974520380447	2227.9848788877894	2243.247806217141	2254.886705854525	2264.947700510315	2277.70497581663	2293.265715586471	2310.888457840106	2330.587598506144	2352.0225077929786	2372.5185385088375	2391.570429700591	2408.3738093933657	2419.912184073718	2428.269605958929	2429.4629678709916	2424.624077111645	2412.2256254339936	2392.283736720536	2369.863460866391	2345.7341942545036	0.0	0.0	0.0	0.0	0.0	0.0	0.0	0.0	0.0	0.0	
0.0	0.0	0.0	0.0	0.0	0.0	0.0	0.0	0.0	0.0	2265.1585664891336	2227.6318797893246	2197.357442523112	2171.2597505879594	2151.233085561525	2139.9511101630787	2131.173601297361	2125.9978422646896	2124.4463458995833	2125.6556047083855	2129.990473291165	2135.502128214694	2141.294962986109	2149.1196564268594	2160.290142270252	2170.9273164001365	2180.8466882364246	2191.4796964788197	2201.2039167450216	2209.7616010515467	2216.014451973612	2221.17230508252	2225.824195914636	2229.0529618698847	2229.051196891555	2226.911509813598	2252.0577617072154	2279.6216131017068	2269.5163925909665	2239.6980610866294	2228.2878843099206	2234.0835430842044	2245.719647406924	2253.3768501600935	2260.112082297026	2270.2234096266343	2284.197431419602	2299.0005338999413	2315.1530029676683	2334.075358645626	2353.7617781309427	2373.50390346141	2390.099959222228	2405.265075329301	2416.467292294656	2421.129975095224	2419.4782544181626	2410.288404968456	2394.4495614240304	2375.079659507533	2354.329378347344	2331.836237704249	0.0	0.0	0.0	0.0	0.0	0.0	0.0	0.0	0.0	
0.0	0.0	0.0	0.0	0.0	0.0	0.0	0.0	0.0	2313.949440732768	2268.854961056103	2228.9524810070257	2195.7636353388143	2169.7196062519474	2149.9323781787634	2135.9038073286933	2127.42932769958	2123.641721734001	2123.295290072762	2125.600213153384	2129.96371213887	2134.8105690505295	2139.568892449808	2146.141144140011	2156.565964994447	2166.6197749164753	2175.4433140632714	2184.636977317217	2195.450311448579	2205.7942543017407	2215.850297536619	2223.328170150646	2228.847263465488	2233.789751615294	2237.099882197773	2241.5384345933007	2257.502095672661	2262.102584863958	2250.7216919019347	2240.949273493053	2237.0200304331293	2243.5275331433013	2250.663245904916	2254.2065211550157	2258.3619723159973	2267.1448969683765	2278.541423126324	2290.1576980193386	2303.347594362774	2319.669245107627	2336.7379744281407	2354.0449100105134	2370.7591114312067	2388.6252520767293	2403.2442478575826	2411.9017882017965	2412.254323056977	2406.04586255392	2395.4064765767603	2381.1130528923986	2363.869779270959	2345.163231770198	2326.8590668376505	0.0	0.0	0.0	0.0	0.0	0.0	0.0	0.0	
0.0	0.0	0.0	0.0	0.0	0.0	0.0	0.0	2338.7934984529197	2298.995484107213	2259.7486516643376	2223.618348858904	2193.8080580573537	2169.1781745342764	2150.2966707782566	2136.572078896782	2127.5184672442983	2124.1933932863512	2123.903597267273	2126.693984586953	2129.950255141715	2133.508511221065	2138.5889259523883	2144.7123803985924	2153.910858676199	2162.5519221841805	2170.1960231982116	2178.225285388945	2188.862105484505	2200.259693563606	2212.0811193208287	2222.5673414954576	2230.2019121565077	2235.9992590889174	2241.076818382589	2246.5485572094176	2251.548715467023	2250.425072108711	2247.3805536167383	2247.087101236558	2248.9808933341346	2253.4726221075866	2257.322064172426	2257.9782416666003	2259.1083490557967	2265.9793729731628	2274.8993806994486	2283.889459070966	2294.65462237805	2308.2903239216616	2323.1088659629067	2336.913899711325	2352.840978065674	2371.1206785681634	2387.371018991743	2399.0277050379427	2402.488260217409	2400.51670085278	2394.4588481852006	2385.5628069895997	2373.6735732475713	2359.4015435763667	2345.496567492838	0.0	0.0	0.0	0.0	0.0	0.0	0.0	0.0	
0.0	0.0	0.0	0.0	0.0	0.0	0.0	0.0	2304.539896403103	2272.3300063851098	2240.867234968419	2212.299792214458	2187.736902342659	2167.5032335659075	2151.432037238277	2139.840018044108	2131.997051522801	2127.462024707085	2126.800348961266	2129.0509646636788	2130.6570081330437	2132.993164473618	2137.2816274772467	2143.6600228303546	2150.3383585568777	2157.4180152930653	2165.1875386302545	2172.78393111711	2182.73776645872	2194.1266139596232	2206.301866078801	2217.9695743013417	2228.11023490084	2236.1399570131216	2243.716167437301	2249.631474302131	2253.851828712919	2252.024744098573	2254.8009867235232	2258.718871397904	2262.235821346513	2264.994116604881	2265.4897113762067	2263.447736551061	2262.503130229047	2266.7851189427442	2273.230234568347	2279.728620143618	2288.69473018834	2300.47831093768	2312.252101818865	2322.9301767939246	2336.05112624082	2352.417042418339	2368.1601214506104	2379.2520458813065	2387.1176846725016	2390.3464236481655	2389.6067630808475	2385.458533039213	2378.172847790455	2368.420104896511	2358.6135008612055	2351.3784047527497	0.0	0.0	0.0	0.0	0.0	0.0	0.0	
0.0	0.0	0.0	0.0	0.0	0.0	0.0	2288.457532152233	2264.6464443225022	2239.4882735587903	2215.6238069273973	2195.396929639881	2177.8491922357434	2163.3238072046115	2152.3209295383845	2143.6462680666255	2137.3050586420622	2133.5890196370856	2131.864612269948	2133.386953370958	2134.3802220863513	2135.093348105343	2138.631874621691	2144.1190902022927	2149.536168616277	2155.287541627011	2161.7074812239707	2169.0245057123666	2178.096654612491	2188.810736702664	2199.5783598007665	2211.5016814837236	2223.397984583534	2234.427087455104	2244.75434174674	2252.9338097895807	2257.7895025838475	2262.3937103807266	2267.922768717279	2271.857246915752	2275.1880708574745	2275.7794316212585	2274.9755264220967	2271.1862751604726	2269.054444164314	2270.6292868631886	2274.4040443273943	2278.820273169224	2285.1303473550283	2294.497576948381	2302.9957962376707	2310.269028612407	2321.085180698164	2334.2913236002432	2347.6629131256855	2360.020662932011	2369.12100646693	2375.894584053926	2378.902779426917	2378.7510374578555	2375.1764395903497	2369.9085623697615	2364.7298856573098	2362.3261400142974	2362.974810230331	0.0	0.0	0.0	0.0	0.0	0.0	
0.0	0.0	0.0	0.0	0.0	0.0	2250.06167718513	2239.8246670840545	2223.6310794474794	2205.466206129176	2188.3256420428543	2174.666347170436	2164.1815147074003	2156.4526808424894	2150.7454269227073	2146.6578886762363	2143.4333176833857	2141.321472586812	2140.192571563256	2139.925103399429	2140.43945523393	2140.8219860049717	2142.9369911448566	2147.083262073411	2151.272843732036	2156.128013870309	2161.6685930393496	2167.914229638333	2175.917399056057	2185.518929110868	2195.3861658612236	2206.159790547468	2218.341965139908	2231.229319308367	2244.052832443657	2255.356159796573	2264.2692474106643	2272.801183225178	2278.6526060991255	2281.796868799894	2284.0704258177866	2284.977378428861	2284.215409667672	2280.5020136353673	2279.187937596655	2279.03317704482	2279.2238949443595	2280.683726529353	2284.5457727064672	2290.1301997567125	2294.648179005445	2300.0880753600522	2308.3110054622907	2318.2608669065658	2329.2945698469603	2340.5930410790206	2351.0441720526974	2359.809218867139	2365.6222846410133	2368.226123595087	2368.36931134513	2367.580015839259	2367.781514677245	2370.312167809064	2376.3172114678437	0.0	0.0	0.0	0.0	0.0	0.0	
0.0	0.0	0.0	0.0	0.0	0.0	2196.500686032504	2194.008351542967	2185.8913276747444	2174.2329275252273	2162.187980117646	2152.633805298364	2147.4595774998484	2146.2359432831427	2146.150287898271	2146.4447661720264	2146.7679644551436	2146.7788139398076	2147.2162532337907	2148.047904956672	2148.8439867968373	2149.302376933064	2150.862440958239	2153.118677232289	2156.302292076332	2160.0914822887103	2164.544284544697	2169.7363842835543	2176.6481611637196	2185.0525716845696	2194.4121257139723	2204.3611345789377	2215.1238171356276	2227.8775368498555	2241.807303178679	2255.157212806039	2266.3424832584915	2275.1403448543206	2280.248422376484	2284.2399985256584	2288.4034918327807	2291.890158601047	2292.3809922264336	2290.831973742068	2289.939998655052	2288.230105613419	2287.4641450783743	2286.2373410769474	2287.1361891457323	2288.5279438403077	2290.506196781057	2293.9241530680797	2298.7371256280285	2306.2085619920526	2314.7876810370262	2325.1941790560827	2335.5961960170644	2344.36740130528	2351.1109309590233	2356.5955085205865	2360.0862562229	2363.4047499892363	2368.06055103667	2375.3431232888256	2387.544043360311	2406.5803122170305	0.0	0.0	0.0	0.0	0.0	
0.0	0.0	0.0	0.0	0.0	2151.131735555603	2155.782891278632	2156.612409745092	2152.94320034928	2146.4763333975698	2139.012460164895	2133.1765009019823	2131.2597718092666	2133.6516092008674	2138.234667213916	2142.785225852596	2146.4790686362885	2149.646893257569	2152.577070010362	2155.3338925526805	2157.519243900423	2159.071620578991	2160.384130967579	2161.735520866055	2164.568838269119	2167.331049743432	2170.6271604315057	2174.5356518404587	2179.9676286558365	2187.1793539799887	2196.5551817619025	2205.7054231780617	2214.7283032703817	2225.5256725326376	2238.6637262013905	2252.463039669782	2263.7889836267796	2272.3994087732917	2277.7901886785107	2282.82796712798	2288.7677616193164	2294.7382178571766	2296.6802795192098	2297.384364093156	2298.6487080777347	2298.647817045334	2297.2794218037707	2294.6885560121978	2294.6967715201476	2295.5330665123242	2295.0181485699622	2294.9178632374465	2294.7146082284653	2298.1974920064436	2304.6861090151683	2312.7856163991737	2321.180747423831	2329.3910173608233	2336.9409486563914	2343.673840718378	2350.056335436271	2356.362497029962	2364.3224467814316	2375.435564558475	2392.571376678855	2416.6530356215335	0.0	0.0	0.0	0.0	0.0	
0.0	0.0	0.0	0.0	0.0	2122.870744286228	2126.156187748934	2127.7296825655294	2126.26889535712	2123.155154499662	2119.999242441656	2117.713193187682	2118.2593531033226	2121.5256284157667	2128.304855767043	2135.547400210564	2142.608193007889	2149.000146137559	2155.479501566228	2161.1799803849717	2165.35271999381	2168.589309662141	2170.56193098196	2172.0868788438797	2175.31159404149	2178.282484354646	2180.3354209725762	2182.044503091247	2186.0149802848073	2191.9256663315346	2200.24430305141	2208.9356184865023	2216.882175340761	2225.5118535634692	2236.13490002865	2248.562308183886	2258.8898520728076	2266.443423680009	2271.929693935909	2279.8909672733325	2286.6780292808894	2294.100820557972	2296.458149792782	2301.0393227303293	2305.072027481199	2308.1096288721064	2307.4932749687364	2305.383054359286	2304.6066528295855	2304.127882322709	2302.971552323808	2299.9541842447256	2296.2219969408743	2294.8840788216025	2297.383788246103	2302.1737602238095	2307.917485169776	2314.6417142197133	2322.0877276821125	2330.41892508564	2338.810005732529	2346.8133137511613	2356.1994971094605	2369.227774153233	2389.158064873484	2418.3892481464104	2456.012191777335	0.0	0.0	0.0	0.0	
0.0	0.0	0.0	0.0	0.0	2105.934880489033	2108.1229911306204	2108.4735303825873	2107.831128872047	2106.7823556929634	2105.6861101378354	2106.131931109232	2108.2902515549226	2112.8377276253364	2119.795788960856	2128.4114486737967	2137.743426455752	2147.153266262495	2156.5756497564034	2165.2788588567146	2172.3438082623097	2177.288049104126	2180.742318018624	2183.7511791869783	2187.4707298554827	2192.3183928899234	2192.6470996824423	2192.6127742955546	2194.962379899046	2199.739946481474	2206.1039842199757	2213.037215614132	2220.3179800554	2227.383910514375	2235.342337847614	2244.5718988542	2253.116002678602	2259.815843927208	2265.8662319329355	2275.1688764272644	2283.047224559183	2289.859396330752	2296.6802075081423	2302.0172648062116	2309.202183443576	2314.6918170347435	2316.7084519512646	2315.792811772735	2314.725277835869	2313.3249072734	2310.552289497033	2305.875512718145	2300.231589057939	2295.449417230761	2293.7145379691606	2295.320604549427	2298.9270406405203	2304.058517312528	2310.9651596985805	2319.159346272031	2327.412024068638	2335.3056337439757	2344.7034079379673	2358.935094238434	2379.7660229296926	2410.459501595875	2449.0169403911787	0.0	0.0	0.0	0.0	
0.0	0.0	0.0	0.0	2093.205648117358	2096.095295690583	2097.4751783689703	2097.0237944068954	2095.6287712631183	2095.2988978706408	2095.759297546902	2098.26724409624	2102.133529218183	2107.303457701368	2114.3808025036624	2123.344627463443	2133.5842029588025	2144.4683737864952	2156.060963399262	2167.292996944681	2176.769868117968	2184.9102483243964	2190.876439417332	2195.9514183266906	2201.591884746157	2208.0725383590284	2209.265196788	2206.8283198565396	2207.8438627857104	2211.4153220372	2213.8004822473754	2218.215717658509	2223.5588247273417	2229.9304301285893	2236.0940915715023	2242.1396352372644	2247.9744312523944	2253.6537496780884	2260.147385593816	2269.1600247189417	2278.4039791225387	2286.652348733282	2294.3379593593204	2301.6215777441694	2311.1640868914737	2318.8212615756524	2322.997183984038	2323.8413689157405	2322.1875708540397	2319.6291054226735	2315.758025773757	2309.5097298197174	2302.342827620526	2296.632010199177	2294.4905605814524	2294.2811430738793	2295.6437968432256	2298.7628059420804	2303.923587878922	2310.5488804634965	2316.9973478368947	2324.2908295998686	2333.5918538928718	2346.661422152125	2365.237992957174	2393.7715566582565	2432.05369707743	2476.9891986548637	0.0	0.0	0.0	
0.0	0.0	0.0	0.0	2088.36239147478	2091.2092718844747	2092.341164662363	2091.501748228079	2089.9634524232906	2088.8381337048804	2089.938462258235	2093.1300010650452	2097.8443468342252	2103.3546517557124	2110.276109552677	2118.778957524595	2128.8921750974405	2140.751830462956	2153.478705929305	2166.4112463351353	2178.5073690205	2189.4000768298088	2199.0893304688625	2208.2443109780393	2216.817053984822	2223.597711654748	2226.5181461334378	2223.268542408326	2223.8748234257464	2225.493272307252	2225.0822314623947	2225.156677093383	2227.8294777345745	2232.2421293389607	2236.7046451568594	2240.833777601326	2244.997088573128	2249.326359548814	2255.086397840578	2263.704703649504	2272.966791496977	2281.9170217897376	2290.4779530994697	2300.294748615542	2311.3051787467957	2321.154535340484	2327.4611729820413	2329.5656667689605	2328.084458468078	2324.3592637181778	2318.9129304905828	2312.5130180595265	2306.057401024789	2300.9637125791137	2297.815099694222	2296.0343022013058	2295.2418971461802	2296.3482062143717	2299.22620307384	2303.585431593511	2308.6063028986264	2314.8403160443427	2322.3871159281325	2332.0860241433998	2347.9802682301392	2372.361592526525	2408.1780774688796	2450.3653073426326	0.0	0.0	0.0	
0.0	0.0	0.0	0.0	2086.134925328185	2090.445461878504	2091.663347420611	2090.090133907742	2087.7956803277916	2086.3751331633975	2087.457944815735	2090.5184595700584	2095.0692034418034	2100.1595190681664	2106.35489267816	2114.3627119157973	2123.719405706001	2134.782401962036	2148.1435548785335	2162.8354198964016	2177.2943447567072	2190.55298244487	2202.8321827660816	2214.102845972823	2225.566627208914	2235.46050680298	2241.2701648447455	2238.9935538390155	2239.4958059311457	2239.575496217007	2236.66523233621	2233.3760086772318	2233.435789229692	2235.3334400403014	2238.350235274148	2240.829659307645	2243.4346725741702	2246.4213243395047	2251.060557096309	2259.1715370834986	2267.9774491444955	2276.703962345132	2286.249413170955	2297.696184792971	2309.6370689152773	2320.483607894154	2329.920828541249	2333.3969486065675	2332.8692917141243	2328.687731343758	2324.236340843523	2318.487541000379	2312.8736585624642	2307.979248077905	2304.0463635670035	2299.419505709785	2295.6571495867647	2294.3704064731232	2295.4426040254198	2298.0346459258917	2301.4781254061104	2307.358547823401	2313.662504057133	2320.501531813668	2329.198733993401	2347.4497870306395	2379.2014768067875	2419.776794626147	0.0	0.0	0.0	
0.0	0.0	0.0	2078.8343740610876	2086.4800224151963	2092.224196041498	2094.5793406410385	2093.180955590733	2090.092949927188	2087.8094542211184	2087.9889591458164	2090.266372661317	2094.0263234234826	2098.722746187238	2104.468593715477	2111.7171070137315	2120.354993257177	2130.8213187450015	2143.705109173808	2158.653868154387	2174.2339417817025	2189.080241171519	2202.8912511577864	2215.948198898964	2228.4251922602366	2239.3413617365304	2247.3114838550982	2251.5825444502407	2252.370296241175	2251.423585000018	2247.610879908854	2242.5350786455015	2241.137522963348	2240.8234312366403	2241.635330782315	2242.7488757041533	2243.809883362059	2245.3043800122023	2249.1352946060083	2256.3087884731995	2264.231818957909	2272.386371948107	2280.19933076817	2289.84055990574	2301.8548674032686	2314.9995075731904	2326.321417956279	2332.4596778069536	2333.028568046483	2330.4240516896602	2327.057604709913	2323.6814567285683	2319.914149392356	2315.8164993726923	2310.3401048166193	2304.0279534440024	2298.3608964840223	2294.6257689842378	2293.1806987774635	2293.197938509127	2295.2248127291086	2299.123369810312	2303.0000155491807	2304.8525245190917	2310.0356194075375	2325.869753746793	2355.09357109809	2392.531322460227	0.0	0.0	0.0	
0.0	0.0	0.0	2079.651598433134	2087.4186346888273	2095.4207137748335	2100.013532374478	2099.990101226209	2096.5831254268865	2093.0758517710688	2091.090071406244	2092.0587388088234	2094.7399966824414	2099.352305497265	2104.9263034929013	2111.8912151647933	2120.3093465840307	2130.1275311378154	2142.2825814189237	2156.4387216993528	2171.802071121312	2186.312841546217	2200.887095614866	2215.1522212463456	2229.204268567709	2242.6339136088986	2252.7196207830093	2259.215259825671	2261.7102304741693	2261.2866034400517	2258.334567012128	2253.2236741173483	2250.504792236528	2249.522778966739	2249.0089876829416	2248.334141257964	2247.660625763574	2247.585816328491	2249.582709009217	2255.331670433881	2262.0482833118567	2268.6549236565775	2274.7580846252367	2282.6404593281713	2292.8343791029774	2305.1743813754383	2315.187831995866	2321.6647276174685	2323.8681836990763	2324.253620584379	2325.5972626398698	2325.6624973971925	2324.3438925866917	2321.9365755556787	2317.584941180885	2310.716334286407	2302.91687126335	2297.1594061418537	2293.2134035016443	2289.3056418270644	2287.717567543213	2288.973319572678	2290.795227489471	2291.3678100220177	2297.0733384815644	2310.5651562634384	2336.2396059506727	2368.978317431106	2406.179414129919	0.0	0.0	
0.0	0.0	0.0	2078.6106011838187	2086.8735182753403	2096.3891151507614	2105.145514632975	2108.458346437121	2107.032162965221	2101.88179588705	2097.5486086394167	2095.737687511229	2097.4806147537106	2101.536089564324	2107.2455668676353	2114.058112110003	2122.041785063534	2131.3692055393612	2142.547532211793	2155.406666832499	2169.2530344134248	2183.391637536766	2197.79412844804	2212.7933429564996	2228.5085174280352	2243.477011327924	2255.815691449	2264.0451583515187	2268.525236560486	2269.9593582600733	2268.53217557831	2265.446200882037	2262.7561165688417	2260.880264331328	2259.106960859022	2257.3119188911314	2254.914474525702	2252.0864269273607	2252.1673337596926	2256.2980360657357	2261.2967465728525	2266.023615765379	2271.032875040987	2277.181879131753	2284.219970533283	2292.4028608916037	2299.9102222143965	2306.1368665601085	2310.6418675108016	2314.915185623643	2319.190328591053	2322.5146000197533	2324.0574736212106	2323.3910656111248	2320.1204562904495	2314.0452340263014	2306.874516165179	2300.468595476066	2293.950387933985	2288.1881031512535	2284.191464401461	2282.5682614641696	2282.493033817815	2283.360077828314	2288.1090896815754	2300.417117597306	2322.627565088477	2353.024938617251	2386.443741233558	0.0	0.0	
0.0	0.0	0.0	2072.7711195110915	2079.436430877204	2091.880240490278	2110.131021843606	2120.4190084551396	2120.60091474535	2111.1752477960754	2104.4054003415404	2100.8177254416764	2102.033335757567	2105.426200581097	2110.882983631446	2117.7571111937405	2125.3530794938415	2133.7164316343997	2142.968863221572	2154.435098166523	2167.139106963752	2180.1586146792188	2194.0919176204134	2209.3619667927305	2224.953780638009	2240.713077109648	2254.4869776122387	2265.4741918425916	2272.692785660088	2276.9539221052605	2279.0820326018898	2278.4742086418983	2276.9001600074944	2274.0067130456277	2271.0843034601708	2267.8820779930124	2263.584084259168	2259.1208387853612	2257.5365127350806	2260.024737394488	2262.9231921831447	2265.552035070595	2268.6392030814914	2272.2535720403284	2276.7328879589986	2282.1188651899756	2287.8866035247374	2292.680055656419	2296.783594210188	2301.8851280182425	2307.948497488078	2313.8447145229147	2316.6840521928007	2317.3147552798537	2315.6623648991845	2312.006485215927	2307.79427389988	2304.249691896263	2298.843010644242	2292.350866374012	2286.0851201474165	2282.927729162246	2280.561375143714	2280.8190897701925	2284.824698370153	2296.011075089236	2314.7887393347482	2341.499425760012	2371.368460166547	0.0	0.0	
0.0	0.0	2064.67897825246	2067.4214390463007	2073.082834567027	2086.096723903914	2106.7106020902174	2125.2284600335	2130.765762411887	2123.22845639984	2112.2565443847266	2106.8107989515483	2107.4294256272838	2111.285771977428	2116.2292357657043	2122.297276753766	2129.3128710157184	2136.928505171417	2145.2826837693506	2155.1848011473135	2166.6576882000704	2178.9791298962364	2192.308785433176	2206.8018996027236	2221.9883612272174	2237.1321372444977	2251.3921939477787	2264.0769485926266	2274.40734308767	2282.058930938288	2287.5102892665027	2290.426095655651	2290.522559444403	2287.721019748161	2283.9726264360033	2279.631065382539	2274.4229172287364	2268.964181694673	2266.330067124947	2266.3930126413184	2267.3573927958973	2267.982365028959	2268.5330803346733	2269.519906147407	2271.4430163433094	2274.207519082448	2277.484684335547	2280.594436035389	2284.101402841554	2288.8684778847137	2294.899009985193	2300.4913741949736	2303.854745172359	2305.18909635711	2305.592495126142	2306.0738866256347	2306.7587711117176	2306.29889555999	2303.1157593231223	2297.177345245843	2290.8489082268975	2286.06237796793	2283.3500748485494	2283.246771442805	2286.6038761116106	2295.3181552836327	2311.0671513633934	2334.601113662492	2362.9882984544147	0.0	0.0	
0.0	0.0	2058.348438503581	2063.469811428603	2070.346581210841	2082.634590898295	2102.6127748380522	2122.873429461932	2131.3837872668573	2127.1922413239677	2117.453628290468	2114.4254936742072	2115.97522164878	2120.0966125180194	2123.4327218707967	2127.5558995506117	2133.668698060004	2141.1045002812602	2148.992158136475	2158.122872937663	2169.8618444353465	2182.130678353719	2194.363303714451	2207.261863313687	2221.342424029835	2235.1944104328	2248.836192953995	2262.6109356781126	2274.691018959385	2285.169899009581	2293.43785079569	2299.412501727311	2302.239279188804	2300.7379190684387	2297.444698449363	2292.4381583733743	2286.7086089740637	2281.3068822678933	2277.942284950391	2275.695121154872	2274.4361537830146	2272.5436438420707	2270.3179585525263	2267.9294168357865	2267.39129070955	2268.0249818666207	2269.9424032189804	2271.7554295187456	2274.343122126065	2277.5617298229913	2281.9848135468	2285.1082503489324	2285.8713785284326	2287.538214350393	2291.2398836262273	2295.6998574246036	2300.305292843099	2304.3174857603453	2304.7081668043083	2300.7565186737806	2295.647556754699	2292.0214544468436	2289.7067188780284	2289.303592709468	2291.5299753037552	2298.4378454194557	2310.539572852865	2332.563476744121	2359.2814958478907	0.0	0.0	
0.0	0.0	2053.3131534137638	2059.3932264509485	2067.488877857781	2080.4680683374636	2099.508331164956	2117.2755016600618	2126.2850546012723	2124.9980089343962	2120.8495647063874	2120.2894978410377	2124.491654902548	2129.6689721818534	2133.3634003912503	2136.2604305474315	2140.5377219783268	2146.825798131957	2154.5360217032776	2163.3123555020597	2174.0272188136096	2185.9383158584305	2198.0469707266216	2210.059276194841	2222.2434095328645	2234.7882206580744	2247.462945838679	2260.8106260329137	2274.4895513941997	2287.255635932785	2297.900650627009	2305.8959631773077	2310.905058749619	2312.302673373552	2310.027518112752	2305.4696350295385	2300.1993267324788	2295.079782669476	2290.8009307226675	2287.2342913507787	2283.213289954163	2278.385466306164	2272.8022689272743	2267.926622298007	2265.1832460991077	2264.48559347365	2265.0364909282216	2266.0062590773396	2267.491315722829	2268.94339157298	2269.5564038115344	2268.529628648418	2267.995572998748	2270.254567550418	2275.943907860887	2283.398872375336	2291.518943430104	2299.02058469711	2302.807287797831	2302.2656869013213	2299.766202041189	2298.059436889875	2297.41259921288	2297.4913648321303	2298.9288278582276	2303.0675413183712	2313.495391873723	2333.7524204578854	2362.229495358808	0.0	0.0	
0.0	0.0	2051.246480988317	2056.9139462234753	2065.1366103017936	2076.157530029929	2090.7167390059426	2108.084048145945	2119.6283159656173	2125.1069787522993	2123.65528082194	2124.5520918169927	2129.45825763221	2137.0263687973415	2143.5398673340296	2147.8947634034193	2151.7262430367496	2156.834110263059	2163.54415491276	2170.3970760568286	2177.847589075689	2188.2191753856814	2200.1229003288886	2212.0169859013126	2223.5221594402024	2235.1637298550886	2247.210772355662	2259.9382339202416	2274.8452168532554	2289.4857572891024	2302.110560666324	2311.639763606067	2318.4612518636704	2321.6488127159564	2320.6805608496334	2317.183711923144	2313.005968791904	2308.5815714634823	2304.145178431941	2298.7890249635175	2291.9927145977995	2283.434656706299	2275.65272370325	2270.12066641662	2266.464624519651	2264.459828722907	2263.012930443669	2262.717440030635	2262.8610894919107	2263.121647208521	2261.092349236047	2257.357136941609	2254.3729181596505	2257.0413159404925	2262.7878239544134	2270.0127485767534	2280.4778526653236	2289.8327879049634	2295.7917896141116	2298.264084576747	2301.429451976397	2303.59186883003	2304.725765064197	2306.0428082392114	2307.1284915113847	2310.4478289197755	2320.114707823266	2341.8104907293955	2369.7066068256327	0.0	0.0	
0.0	0.0	2052.191543102793	2056.9367258242996	2062.8774035526294	2072.088852056191	2084.66442149217	2097.9078445710725	2109.1785414090677	2117.5373657243363	2123.72675912022	2128.859082088024	2134.107847895958	2141.5455997127488	2149.5934678624362	2157.3418429668923	2163.5869261622383	2168.8079250366723	2173.559383862019	2179.4034883680893	2184.75183578046	2191.2983647128995	2201.0711716088626	2213.4103539907874	2225.4258153412707	2236.370368885232	2247.2484386462797	2259.3758275276996	2274.051781106834	2290.2763643575922	2304.719851127641	2315.7107978972176	2323.3506623636117	2328.0203090966293	2328.508710140451	2326.644138333375	2323.9845325787583	2321.3692666299416	2316.8313879512166	2309.585723572375	2299.287557196626	2289.3956170250713	2281.5896369801976	2275.4692969051916	2270.527687624958	2266.238729632021	2262.860841963432	2261.291187940614	2261.0926040746767	2259.8401284014494	2255.4005813427734	2248.901000730296	2245.010259130894	2246.3072694510215	2249.9653966009564	2257.6357086917333	2268.2124089130357	2278.4394408539733	2287.2545988313796	2295.367422727073	2302.7415313397382	2307.5084036168955	2311.4088832905554	2314.291262313652	2315.9790247712294	2318.777447880898	2328.7691337295037	2349.887929677811	2377.628436697844	2408.6233576475643	0.0	
0.0	0.0	2056.10123799733	2059.422421231606	2063.5609582440047	2070.246294727541	2080.013165590608	2089.429206633338	2099.2934450293515	2108.829252782086	2118.673630592602	2126.6828066055114	2134.649934747191	2144.1395241570635	2153.686868337417	2162.7264363598038	2169.4824866963872	2175.104632605102	2181.046561462897	2186.976861785606	2191.696840424281	2197.9537663463043	2206.9846860367165	2218.2992924773	2228.323027405522	2238.146140292465	2248.132825954683	2259.5215307771255	2273.7363297086404	2289.4319122379784	2303.610638570569	2314.9954896494814	2323.5570399392027	2329.846580549702	2332.358587597517	2332.810133347889	2331.865759426796	2330.170873476023	2326.5349720384042	2320.3111872333006	2310.2926022268234	2300.0465329696844	2291.133389380193	2283.7044200996934	2276.8979751897473	2270.604016914027	2265.07384450809	2261.4884701446053	2259.150222309133	2256.5373599952827	2251.131382118789	2244.385155005869	2239.231260408846	2239.2139482485427	2242.0775530880064	2248.6616417753653	2259.251060457202	2270.316805390397	2280.181127604262	2289.9306001699133	2300.001452369712	2307.740900622246	2313.7985537670816	2319.095134183277	2323.2360115612955	2327.9039767787344	2337.6751391023927	2357.0329701696282	2383.291004764874	2413.055895821572	0.0	
0.0	0.0	2062.6188879022375	2064.527460868435	2067.0621512274165	2070.979520015187	2075.68456678981	2081.0535609818953	2089.2267627518963	2099.8115081931114	2111.8517290115055	2122.3866565210205	2133.739083574519	2145.0431827855787	2155.685103991862	2163.781257577508	2170.835230818268	2178.258926402163	2186.1313653782504	2192.997269701446	2199.571079150748	2206.8410955337563	2215.4488579805184	2223.774602158806	2232.1113546210827	2240.8407665864815	2250.127055111455	2260.3580108079886	2273.1157712081945	2286.581838164542	2299.4176545197774	2310.0598676100185	2319.2047858710202	2327.111713243356	2332.5902752977936	2335.647309249777	2336.3944381949245	2335.399392178767	2332.8322250940555	2328.495451272719	2322.349017001302	2313.6193484560486	2304.15722310576	2294.6207982422393	2285.8786670196623	2277.3889829631457	2269.8547181451804	2263.7522801649293	2258.876296033646	2254.0120731603147	2247.766632174662	2241.481286351639	2236.4569722277165	2235.2193629863586	2237.6595482505804	2243.2359804698513	2252.6247917744504	2263.505305787202	2273.677251907561	2282.8229631569466	2292.7309388512076	2302.862554895977	2311.7486160185995	2319.386639408838	2326.240684511288	2334.0004179806087	2344.7279471214056	2362.1383075715794	2385.301885976206	0.0	0.0	
0.0	0.0	2070.972975530423	2071.062400457901	2071.425926088953	2071.798522531832	2072.4686188252235	2075.5824404548653	2082.5103307927066	2092.970355379158	2104.4220825759007	2116.9481788782236	2130.232782225896	2143.668013508046	2154.541137862061	2163.6044166273373	2172.2858757286017	2181.6370876249275	2190.800843917529	2198.9752833622347	2206.7071161731765	2214.513374204266	2222.078522146924	2229.5125304881994	2237.24161258225	2245.242115957784	2253.176390761152	2262.306714721279	2272.7352099028544	2283.975662506953	2294.163698122289	2303.7872215070784	2313.100265204349	2322.0184771353847	2329.6021604565362	2334.918210035246	2337.3366658554846	2337.426307002478	2336.144332304933	2333.833630111924	2329.944316250544	2324.13356205865	2315.69249850715	2305.9779661537796	2296.041436907043	2286.048972695905	2276.6446585846265	2268.2270083288586	2261.0120701704714	2254.1889300706534	2246.912470866809	2240.0998365009273	2234.816151779636	2232.8511222374705	2234.4855934471843	2239.411561790087	2246.6574615694353	2256.344088707836	2266.2030300692118	2275.3426882225717	2284.5640478366613	2295.755145470609	2306.889503986262	2317.0972336605446	2325.9981312227114	2335.205878626207	2346.552452651519	2362.061459864709	2382.9199530179076	0.0	0.0	
0.0	0.0	2081.3726513857514	2079.6606792782977	2077.040708062656	2074.5270422051594	2073.428794947333	2074.569753499408	2078.9045934877363	2086.6723994116223	2096.8407529065425	2109.547253971329	2124.51732306455	2140.673327280881	2153.4300682939856	2164.372995867443	2174.4448229591326	2185.055952476106	2194.8838343404004	2203.9175208884844	2212.2434612775114	2219.9096740852683	2227.6234709502974	2235.511666089453	2243.8830970934746	2251.615796783469	2258.728957795917	2266.114447088884	2273.8343900432965	2281.9762741851955	2289.5575599578183	2297.653166393094	2306.6349399314668	2316.8604828619204	2324.932986710395	2331.466783961576	2334.9803110499015	2336.332160613504	2336.070772088352	2335.0187898989234	2332.8576335180655	2329.14321755556	2323.399483878849	2315.146419594104	2305.4728066271364	2294.829468283299	2284.388291009957	2274.6339473344324	2265.4256322009596	2256.8472891500314	2247.8312372463306	2240.0816886663056	2234.361585225739	2232.127561657947	2232.851688490178	2236.8152880069147	2242.640120626355	2249.6903102922524	2258.0854987423345	2266.3912044490094	2275.51575124662	2287.3636218716106	2301.0319005051297	2312.9288139058767	2322.6503904177953	2332.0213154845055	2342.9406429167643	2357.0435409604434	2374.7183301612986	0.0	0.0	
0.0	0.0	0.0	2089.868994749014	2085.5778135874343	2081.7958888475637	2078.4609517940667	2076.9752497109807	2077.946363455284	2082.6509531178885	2091.0423335226997	2103.757968762471	2120.0683607410883	2136.4419041064825	2151.04146295439	2163.706822823962	2175.667564671695	2187.0701316993736	2197.599146794956	2207.1306739438455	2215.8846953457805	2224.337014360536	2233.2056080877937	2242.2514734298056	2250.8052369148045	2257.970395659912	2264.0832369348436	2269.9393216592457	2275.8477041961773	2281.308768063467	2286.9600408311026	2293.739676997057	2302.0068785760204	2311.511447693298	2319.9868352781136	2326.572602761663	2330.5861509806055	2332.795480205005	2333.38646679305	2333.1811960977147	2332.5076965087637	2330.5774863012625	2326.6796167330717	2320.4464739759387	2312.002349158895	2302.036542566235	2291.5174498024703	2281.0702323926894	2271.08450015899	2261.5102404581435	2251.943341678963	2243.1777414676153	2236.5764624222434	2233.3627321559984	2233.4283577062142	2236.397544640158	2240.944219534942	2246.7242830119712	2253.0940160021864	2260.2900844208293	2268.827014665204	2279.532929298668	2292.769693753516	2305.8456852628947	2316.516889919403	2325.443911843029	2334.8890777660868	2346.592312853848	2361.5540651422134	0.0	0.0	
0.0	0.0	0.0	2103.6759391366327	2098.990102376566	2094.333638452916	2088.794055837266	2083.274914349293	2080.1063671381403	2082.1577952853677	2088.608684035683	2099.418552325175	2114.5503449123194	2130.8834772253986	2146.7392028935737	2161.172400132678	2175.1282136460068	2187.3354555639103	2198.2109062289496	2207.913077035094	2217.8104738775996	2227.882535204814	2238.892331173943	2248.984849915577	2257.3178866126004	2263.459328503208	2269.057859291402	2274.4962276788524	2279.21996089779	2282.9268215147354	2286.5329609335636	2291.7877850691525	2298.576732418914	2306.817850375824	2314.5805813818624	2320.9494432931338	2325.278479472834	2327.611729283375	2328.599389161295	2328.8929595737272	2328.670028630409	2328.1699786746053	2325.2979874823	2320.7779229845146	2314.7538513768877	2306.7675298662284	2297.2828562061222	2286.802791979893	2276.90773423967	2267.682614410279	2258.70882371931	2249.8188186701186	2242.6653842047504	2237.8087103110975	2236.5291711391665	2238.8585528600997	2243.286385658239	2247.647683400034	2251.999335597856	2258.365034851282	2265.882025564429	2274.6812926094854	2284.797378206002	2296.559277940853	2307.2601094127617	2315.7804452235364	2323.5303936910195	2331.9967167474356	2342.919199258041	0.0	0.0	
0.0	0.0	0.0	2120.521335561366	2115.3103194306573	2108.642331786768	2099.9449943886707	2091.3359950339714	2085.920710976677	2085.378169089033	2089.4431313303976	2097.966231686879	2110.8931819828426	2126.367138037722	2142.4354905969694	2158.061703018681	2172.4547572379047	2185.0146600027215	2196.063294260922	2206.6642682386782	2217.9679257698904	2230.2698108552427	2242.455826496071	2253.2117872966455	2261.4952680582333	2268.074725361817	2274.30036209822	2280.3829930722472	2285.2177591822174	2287.504487798493	2288.81873523078	2291.6190773847297	2296.6577777132816	2302.7286257828446	2309.295532631498	2315.853438034115	2319.453878663452	2321.2281765213565	2321.8479512171643	2322.3145563436074	2322.1938817436226	2321.4958737261554	2319.5032774759784	2317.0719976484347	2313.37262490998	2308.3177805098394	2300.9825367817484	2292.2178129538697	2283.3946861676413	2275.0958476767155	2267.1117723266716	2259.210871561283	2251.714279172936	2245.9125218336103	2242.7996802370258	2243.204731823729	2246.215632500117	2249.6236585247043	2253.0210985542008	2257.537336337611	2264.299622866068	2272.1219072340336	2280.3463577404145	2288.7623644269543	2297.019594770617	2304.355187090271	2310.000173531773	2315.3063756478955	2321.894925587547	0.0	0.0	
0.0	0.0	0.0	2138.6066094449275	2131.6089688158427	2122.1841818062253	2111.5767938648355	2101.9442579047313	2096.2072726898455	2093.825844830997	2095.348326994598	2099.9660326354865	2109.9015522203417	2123.1906241175775	2139.154253979683	2154.4384989065256	2168.492024325609	2180.407496303031	2191.5455288080675	2203.4864919457214	2216.38554214638	2229.386920823277	2242.093332242998	2253.4551037283463	2262.8346946770002	2270.59967276536	2278.50782544142	2285.7226280457967	2291.020804138621	2291.7998071621864	2292.9346778250383	2293.529578677833	2296.051596380276	2300.3436824175587	2306.1962624767507	2312.368561423209	2314.954766309961	2315.062424278052	2314.5804801229906	2314.17230681025	2313.3766099451946	2312.2342967416275	2310.5299372999375	2309.299509125713	2307.985864493592	2306.053879211281	2302.601152689568	2296.564553535055	2289.96526267341	2283.3406097721872	2277.150287025532	2270.368533031773	2263.2797428805507	2257.009649735583	2252.598829022754	2249.836951683851	2250.0505820487706	2251.0382369318727	2251.937603530287	2255.075262056479	2262.5714645556964	2272.1239150264423	2279.284057729929	2285.0060928338225	2289.4422187966834	2293.6789482625745	2295.7098304751917	2296.86386065683	2299.2350407040876	0.0	0.0	
0.0	0.0	0.0	2158.535528522148	2148.403173941889	2137.144191945637	2126.121400989125	2117.1087840555047	2110.536869652138	2106.386096390376	2104.4390757640363	2105.856397745929	2112.198763527368	2123.6824808850756	2137.8532752660044	2152.0337139831686	2164.5543469105996	2176.057975589987	2187.569747345412	2200.0906101771684	2213.238867803645	2226.470173295783	2239.165893322457	2250.6930805204647	2260.4858888186072	2269.2805074890757	2277.7975798609323	2286.145571912593	2293.0007413256853	2295.655015690114	2296.5630104813813	2297.4197864294424	2299.126957122462	2301.0959019414813	2306.2010419862004	2310.74938328508	2312.166183502221	2310.778098384361	2308.0169361926746	2305.594725531628	2303.4555612065233	2301.712497633094	2300.000730635805	2299.1890073922173	2300.1109942247876	2301.1221481899393	2300.8414787975294	2297.9462496494266	2293.8344053899855	2289.484962990742	2285.4778681453054	2280.8683683390127	2275.3744494895236	2269.7220170668393	2264.369407604386	2260.1055884397497	2257.1781636814044	2255.163770541464	2254.157596415289	2255.7716597387016	2261.906986394348	2271.0281464841073	2278.9341492754165	2283.009848095908	2284.281871489344	2284.0016679997984	2282.533349968196	2280.240527246571	0.0	0.0	0.0	
0.0	0.0	0.0	0.0	2168.903325976077	2156.1960802382237	2144.597911678486	2135.317910874862	2128.074106499115	2122.6849965585407	2118.19277346616	2116.687192707594	2118.8524691726234	2127.5769580581878	2138.8337526925043	2152.24939189892	2163.947073837404	2174.752954978168	2185.3564091173826	2197.021751766958	2209.3319684154562	2222.1558515661773	2234.360037925294	2245.319574513791	2254.790255252851	2264.0670969435096	2273.741054994033	2284.0390804416816	2292.116427737973	2297.5496456320957	2300.4205034863753	2301.9567634912833	2302.9581404008686	2304.2549439321197	2308.3140694882427	2310.074718566712	2310.5534372265747	2308.6598600309326	2303.902788883445	2297.9991940997415	2293.8864593398766	2291.0891504485985	2288.83938520179	2287.4544873065324	2289.411518421877	2294.1627209147	2296.6727528555375	2295.8376889970714	2293.401467688039	2291.2283095004495	2290.544569106054	2289.9092822157677	2286.8495781845695	2282.705425202749	2277.455409340031	2272.6232672047104	2268.7113119692776	2266.120747963738	2263.9731289262245	2263.2038337506674	2265.3476190304705	2271.3209092554434	2277.004107855868	2279.32678241111	2278.26233840416	2275.7772997407005	2271.8648628687583	2266.6956774915698	0.0	0.0	0.0	
0.0	0.0	0.0	0.0	2190.8135276476464	2177.814158399047	2166.062769871949	2156.3751296221108	2148.4477243252804	2141.5264044315854	2135.2019740927535	2130.617942677913	2129.765439625108	2134.491739144783	2143.7764120727065	2154.9651053742514	2165.603849537199	2175.1943249796414	2184.551049111032	2194.4247587794953	2205.410592238047	2216.8006394592526	2227.8473310246222	2238.353660235752	2248.0993418333455	2258.1866218582722	2269.0469152578657	2280.320759802553	2289.968691876706	2297.329252070883	2301.854314695441	2305.1325616951767	2307.1375160325156	2308.5354717173477	2310.249191000412	2310.2541346070657	2309.1746775017937	2307.0640184466065	2301.414768699649	2293.383591610194	2286.6146502074707	2282.5552823180133	2279.3739637765766	2276.4601667158013	2278.3759207290022	2285.399516924291	2292.108700397874	2294.1685062900415	2293.547022181782	2292.853911827105	2294.137756489637	2295.9185649212595	2296.220183986813	2294.145962184188	2290.469777210414	2286.3009999080923	2282.5814778306026	2279.573911926865	2276.9325142457205	2274.805934717614	2274.0560908043935	2274.681490645708	2276.0781223560657	2276.0625785913576	2273.975891614449	2269.443228580256	2263.4756852447467	2256.6381476704832	0.0	0.0	0.0	
0.0	0.0	0.0	0.0	2212.647661110556	2199.7971506733907	2188.664275824894	2178.886075982644	2170.1029587109438	2161.590072385854	2153.4156137483096	2146.746235663412	2144.491661820859	2145.9322755196713	2152.1284480528484	2159.716412552442	2168.8826427472763	2177.200883062032	2185.205278298551	2192.759140916898	2201.1261888188	2210.4909928149955	2220.327616624209	2230.808921937708	2241.3401503734626	2252.6190806723953	2264.255800488062	2276.001188920652	2286.687894068944	2295.279131698193	2301.370211474359	2305.8337221963475	2309.3210763813913	2312.4424109207307	2313.5036977089176	2311.917532370856	2308.503938290565	2305.0799903122943	2299.2782898892497	2290.2764557516166	2282.626041320421	2277.25246054252	2272.9828552846284	2268.910721648116	2269.6721393809394	2276.9024448735217	2284.6437515050507	2291.7444141268716	2293.282934101144	2294.3432492054267	2296.034346615959	2299.546966553443	2301.580870505444	2302.369369602224	2301.2272767996587	2299.048068818706	2296.0734556316656	2293.205980973966	2290.4729235152467	2286.688678360205	2283.237187222413	2281.3185437310435	2280.049327686596	2277.424139421377	2273.075426758319	2266.451339654303	2258.458288490266	0.0	0.0	0.0	0.0	
0.0	0.0	0.0	0.0	0.0	2222.0892283499056	2211.7455780065893	2201.923449847651	2192.287747893563	2182.6349151282893	2173.849827624687	2166.9625581307355	2162.5051018050826	2160.855320909966	2162.5589973741235	2167.4725937419207	2174.0583924196244	2180.9165372217444	2186.958953621619	2192.7502923319366	2199.096284394851	2206.2238406396573	2214.555439734098	2224.373640870728	2235.202737366267	2247.174554567906	2259.3793903283668	2271.1697030729174	2282.294694506971	2291.648695269795	2298.601062350361	2304.7108299718775	2310.4832942547214	2316.335570085336	2317.4677062795026	2313.678171969974	2309.03630000753	2303.281571146737	2297.400436201973	2289.1969348645493	2281.334685584798	2275.61856436708	2270.6072797585516	2266.3386451689985	2265.337156633045	2269.7633608921424	2277.0507711074406	2284.2801405980235	2286.312767951072	2289.1357156164468	2293.0984862041737	2298.323423736799	2302.8292160106525	2306.2822904572404	2308.355985040851	2308.7693619332213	2307.881849553196	2306.1594806202206	2303.629085754958	2299.972105277305	2295.8059737917974	2291.984426982043	2288.3672028651545	2283.6687057206163	2276.8623534184217	2268.0507428060805	2257.826786930357	0.0	0.0	0.0	0.0	
0.0	0.0	0.0	0.0	0.0	2243.8142316522276	2233.942032608061	2224.30442201709	2215.1669780058546	2205.787585440112	2197.6403260704965	2190.2442372113037	2183.8201738540574	2179.2354388617227	2175.9162654328143	2177.074686158054	2180.5429044533016	2186.4088665066765	2191.7512604185463	2196.3614536377586	2201.046591385115	2205.930073107997	2211.960529936835	2220.095831633834	2229.4999842690777	2241.945722234103	2254.03801347235	2265.6845621211005	2276.88405677115	2286.613982635918	2294.4886912021902	2302.448340081361	2311.3409291720623	2317.9556476684265	2318.5865840634247	2314.6598573381207	2309.790543051482	2303.6789608299828	2297.0029929875172	2289.799638208069	2282.7634161796086	2276.8822289567784	2271.8665407198764	2267.743080708522	2265.447154704614	2266.9848469832546	2270.8112936550283	2276.1672519160493	2278.3523082075917	2280.5782884065347	2286.2021677964485	2293.039526209116	2300.083577566177	2306.0896179447313	2311.130217237637	2314.7149223233123	2316.491436215209	2317.407519492863	2317.3810928391604	2315.322382035102	2311.859271756662	2307.3032879104726	2301.7941055248284	2295.3143839195973	2286.2659316183262	2275.4467432634133	2263.004697581121	0.0	0.0	0.0	0.0	
0.0	0.0	0.0	0.0	0.0	0.0	2254.912321814321	2246.2805896796635	2238.435628398588	2231.019998488314	2223.677383383301	2216.087967757979	2208.005339896273	2199.733722133612	2193.1927656177863	2190.2634322057506	2191.555403097768	2195.0613575794705	2198.674826752713	2202.2873841479072	2205.9287660275727	2210.4119144844935	2213.815868704697	2218.391589115749	2226.546308256961	2237.6089307206516	2248.4345912748713	2259.639402012394	2270.2845408737167	2280.1981891240825	2289.22434788063	2298.5144460685797	2308.3228636216513	2314.477775817264	2315.0761970048366	2312.870776676193	2310.1771501134313	2305.4450445769526	2299.8425553773754	2294.3349372589446	2287.5850313869796	2281.0937144623726	2276.1051611294833	2271.8238236381494	2268.859903520806	2267.507346062499	2268.235179267111	2270.0327523688466	2272.13688610172	2275.3469672181027	2280.891645766433	2288.198290921869	2296.226700959715	2304.296616636316	2311.738723075367	2317.989940091847	2322.948580701104	2326.8753734701877	2329.6482412995306	2330.669037893235	2329.5050641557773	2326.1153228413928	2320.2940612860293	2312.1304183520774	2301.4521981347257	2288.7415935756535	0.0	0.0	0.0	0.0	0.0	
0.0	0.0	0.0	0.0	0.0	0.0	2274.493155560749	2267.798323637968	2262.50434049165	2256.785516850838	2250.1588438697827	2242.7031600942037	2233.8358613415567	2223.8227657748166	2215.506494105558	2208.9918661258926	2206.464596226378	2206.7408252539144	2208.441653350045	2211.5819580351067	2215.350363485687	2220.209590326054	2220.8417717326565	2220.8852239084613	2226.088288486562	2234.50829014092	2243.66404580853	2253.086745331195	2262.6839645152095	2272.3759815396124	2282.2192947702633	2291.566727727593	2300.130528877411	2305.706469706354	2307.7713828259857	2309.843567057247	2309.725803911756	2307.3541202056495	2303.2990511487897	2299.3131023874944	2294.050034756766	2288.0285520250427	2282.837903130374	2279.042599899994	2275.615635443794	2271.3516003708896	2269.0847194721264	2268.5028229846735	2269.7160687882574	2273.074466016934	2278.2098419024187	2285.0177579989727	2293.1415823753387	2302.1322588862986	2311.3670591936043	2319.780006375011	2326.865082611902	2333.3161800273383	2339.281678229204	2343.5615344538155	2345.916557154421	2345.249950859165	2341.8867018899514	2334.2434011594796	2322.290163495749	2308.307067488959	0.0	0.0	0.0	0.0	0.0	
0.0	0.0	0.0	0.0	0.0	0.0	0.0	2290.6953871740097	2287.4760973284665	2283.271252209316	2277.3776796396946	2269.8449364050853	2260.9066600212705	2250.6980304630583	2240.2320885128916	2231.478721436907	2226.1891617738625	2224.046909089655	2224.2076314223455	2225.928241190357	2229.600412688559	2232.864039713979	2230.698716465049	2227.0528392142155	2228.7144097398273	2233.24727848393	2239.497642077127	2246.6422308798733	2254.792734034218	2262.5786058214635	2271.596794380225	2280.438352122415	2287.9440638199485	2294.1303893943273	2299.6716140633876	2304.4007878788293	2307.1789336280904	2307.151980943135	2305.447287402178	2302.9182795198944	2299.334304206434	2294.560581447767	2290.432427167197	2288.4805919281553	2284.6387362355167	2278.333663456807	2272.753012152247	2270.1249203527714	2270.2880592541646	2273.336572245097	2278.086883927795	2284.3812979282798	2290.825327962583	2299.3635619455517	2308.9292575543855	2318.6002953284174	2327.92489695747	2336.7680099598265	2345.376593645031	2354.023535768084	2361.329696038276	2366.101169212035	2366.9296358109023	2362.122301696076	2351.6941517567525	0.0	0.0	0.0	0.0	0.0	0.0	
0.0	0.0	0.0	0.0	0.0	0.0	0.0	2316.3636606367563	2314.0106913363998	2309.5526032882744	2304.6106823512523	2298.2098843225294	2290.2635451161404	2279.46443925484	2267.7174969484618	2257.657864454482	2250.5139055364543	2245.543139736796	2242.777265875824	2242.727439928988	2244.9626524452024	2246.53985635887	2242.2241581843946	2235.754475834746	2233.6224560719743	2233.4510538011677	2236.325982421504	2240.8627511053564	2246.5095038663985	2252.574165242229	2260.217736558656	2266.399550897729	2273.293939008235	2282.2237072610983	2289.439618225128	2296.462056534947	2301.4355296596095	2303.9343387856547	2304.3719983172696	2303.1267496250107	2301.6609285899804	2299.456022663753	2297.0077116789985	2296.4582429675156	2293.240582778446	2285.696115700174	2278.510549425167	2274.850366502503	2273.9584914820925	2276.164903637913	2280.3328642671086	2285.9831990451557	2291.120283324479	2296.8607485795264	2305.3812919783304	2315.0011071239123	2325.6163078902905	2336.398069794021	2347.827528326581	2360.9906563101445	2375.319980841914	2388.1367712382294	2397.6102294670122	2398.624500611636	2392.5524201378826	0.0	0.0	0.0	0.0	0.0	0.0	
0.0	0.0	0.0	0.0	0.0	0.0	0.0	0.0	2339.468857399318	2336.0932014833525	2332.7300375456716	2328.7507742609046	2321.346223991191	2311.379189831825	2299.319647060452	2286.678160981931	2276.475800821324	2269.029393179868	2263.473113688656	2260.563285410267	2260.5526363913104	2260.065648143565	2253.8116654928285	2245.9430382231453	2239.667366865782	2235.725248722916	2235.0505869272984	2236.223753869526	2240.132138850784	2244.6063228976795	2248.6369825193115	2253.6487644569293	2261.4265462753733	2271.098078099253	2279.6283151006546	2287.850624421003	2294.2119955345893	2298.555181392601	2300.9367261750413	2301.6315429105316	2301.7384888323227	2301.629945014282	2301.606591438314	2301.4029078722015	2299.647658718617	2292.700912371118	2285.4649158400807	2281.8231997218913	2280.352775026298	2281.4221731614934	2284.3737068945743	2289.358178831223	2293.670148654181	2297.8314341725663	2304.8215289170043	2313.8206774498194	2324.140982857301	2335.6466531317897	2351.1168774443877	2369.2651927717266	2390.474232169928	2413.599678603211	2432.9756823887747	2445.219392498338	0.0	0.0	0.0	0.0	0.0	0.0	0.0	
0.0	0.0	0.0	0.0	0.0	0.0	0.0	0.0	0.0	2359.311756706728	2359.967698356542	2361.529992219348	2358.037039553446	2349.1500685332717	2335.143913300916	2318.9705076888476	2304.8991442296783	2294.9049699383154	2285.382882426603	2279.0302744785586	2275.927412202623	2273.490147559486	2266.1201655120117	2258.488105165239	2248.9802621846393	2241.4272176298987	2236.4619242206522	2234.966978943503	2237.3083753602255	2241.8679607824693	2243.314549245335	2246.2916645119494	2253.1392949834317	2261.66655566194	2270.437254691249	2278.9520387360744	2286.5256912735817	2292.2405065493663	2296.209165948336	2298.930857384171	2300.937740192879	2303.0558943600113	2304.697988936499	2304.7443261981134	2304.3907264789586	2299.6990039659663	2294.3500190883988	2291.1790943682404	2289.6135179470016	2288.869586736573	2290.3785810056925	2294.137799146286	2297.7341489308715	2300.771079068172	2306.538630832896	2314.801189813109	2324.6861431701955	2336.4520804231247	2353.336244908548	2376.681954479606	2407.0585236654492	2443.256508612033	2476.431152223033	0.0	0.0	0.0	0.0	0.0	0.0	0.0	0.0	
0.0	0.0	0.0	0.0	0.0	0.0	0.0	0.0	0.0	2381.6967902579368	2387.5481355333	2392.2081680995116	2391.62027015909	2383.8790998871364	2370.1903965718902	2354.3827581478004	2336.8069866380615	2322.536130833639	2309.1220196361696	2297.667712488	2291.6997022125915	2286.9662909004846	2280.4267599958016	2272.620466442779	2261.46901703491	2252.3876749369742	2243.7244273718716	2239.9399683433644	2241.687195009119	2244.074759492608	2243.396638551575	2244.3123062104173	2249.0414899493085	2253.872059903945	2261.52445460133	2270.3764191576165	2278.6964936816944	2285.5345536696027	2290.652349836814	2295.3839118841233	2299.098048436927	2303.1959598066705	2306.4982077182754	2308.2957952662023	2308.9312462260664	2307.9976347701627	2306.2581199574593	2303.588415437028	2301.4859792460834	2299.0529970440534	2298.4347073243594	2300.074684919371	2302.840364641481	2305.7607471656725	2310.407170791706	2317.8749585087626	2328.7605377764185	2342.717995388627	2361.2376067760756	2387.613669640778	2424.290720462296	2468.16053710648	0.0	0.0	0.0	0.0	0.0	0.0	0.0	0.0	0.0	
0.0	0.0	0.0	0.0	0.0	0.0	0.0	0.0	0.0	0.0	2414.268364370334	2420.258359991195	2422.0152307755957	2419.1863464203802	2409.8514813228	2391.1901254347804	2370.5459663061883	2352.4660265967586	2333.5343634007927	2317.2597842208957	2307.556595192318	2299.2784570951776	2293.5326224803116	2285.675341097237	2275.3924654272687	2267.0789263593906	2257.363111940779	2252.420185933723	2251.0889936360295	2249.2389826179506	2246.4581542580095	2244.3855264948015	2244.634807709448	2247.1379396751863	2253.500831014235	2262.778989866209	2271.331279691479	2278.5379613022915	2284.4927118659334	2290.1611324399782	2295.792777191313	2301.47679892423	2306.3751015154285	2310.1102582314734	2313.0192956892047	2318.0661954208535	2319.439546221997	2317.6372549740972	2314.466517040948	2310.8236725261895	2308.862552865872	2308.107754174466	2309.849259662139	2312.3726575617848	2316.351309957596	2322.6030239206207	2333.3302976091695	2350.4058286339036	2372.601093487978	2400.4808788010305	2434.572036819499	2478.7585745848496	0.0	0.0	0.0	0.0	0.0	0.0	0.0	0.0	0.0	
0.0	0.0	0.0	0.0	0.0	0.0	0.0	0.0	0.0	0.0	0.0	2452.0257165153353	2457.997523255006	2460.3274963117256	2454.3490350341294	2434.77434214795	2411.295741020216	2385.8481692817413	2360.0026931869406	2339.1199697491925	2323.332366346515	2310.861482749684	2303.661616740801	2295.822804642593	2288.7346912801577	2281.505610020135	2274.467263466447	2268.462728196626	2262.398342573845	2253.30162360545	2247.297287417676	2243.8663482965603	2241.288307101363	2242.031452984528	2247.5758833910527	2255.930364814243	2264.4669479063527	2271.8336384055033	2277.937524822788	2283.9318481997243	2290.316973088968	2297.4453048893693	2303.953182031918	2308.921442808602	2314.375398976774	2323.0760603684043	2329.517044607687	2329.7260260474814	2326.524006810881	2323.500669030092	2321.0673489148903	2319.849223958983	2320.1062693712356	2322.8205748262453	2326.5391783498103	2330.5869151381644	2340.7299195026517	2359.0645833727312	2381.2386999771898	2407.973594322298	2440.619228300422	0.0	0.0	0.0	0.0	0.0	0.0	0.0	0.0	0.0	0.0	
0.0	0.0	0.0	0.0	0.0	0.0	0.0	0.0	0.0	0.0	0.0	0.0	2503.2908029888076	2512.865962177864	2510.176557154283	2489.8265659710346	2459.246127500514	2424.7445756682605	2391.712596977941	2364.9363161107576	2341.4270183838134	2324.4202024776114	2312.931581801943	2302.9020757218195	2297.531790199189	2293.8991071843193	2290.287793680448	2282.8833614314317	2270.2616791790565	2257.3306620504563	2249.2031912091957	2244.352627139422	2240.2210371728816	2239.1997650920875	2242.9743221136605	2249.661120955578	2257.8360498055813	2265.7639658774274	2271.1982631528886	2276.0598184463993	2282.683537994154	2291.4622902709543	2299.3512018128836	2305.5176302310274	2312.8511640552324	2323.246703174393	2332.816150036992	2336.2588332587447	2335.4960687928406	2335.1244904953996	2333.8796059024594	2333.1733016352023	2334.1461920079955	2337.161686649891	2340.849724418913	2343.8226789891555	2352.2650748172423	2369.2284869803852	2389.5037896864433	2415.167580174822	0.0	0.0	0.0	0.0	0.0	0.0	0.0	0.0	0.0	0.0	0.0	
0.0	0.0	0.0	0.0	0.0	0.0	0.0	0.0	0.0	0.0	0.0	0.0	0.0	2578.6529595380716	2579.9416938489326	2562.0507887153194	2518.537225895834	2472.2014227331674	2430.3156710778067	2394.7461806751226	2363.9778340708913	2341.2356593018326	2322.8496705155458	2310.839352955587	2305.138279785595	2302.665574080617	2300.9094095687337	2295.7104541870544	2279.518702829416	2264.1451630372985	2254.2264338847012	2247.6851423147887	2242.384679005378	2239.2277264418376	2240.52709394155	2244.6957942931695	2250.977180924022	2259.2421875935156	2264.7495898739508	2268.4139018782266	2274.2405829935406	2283.272701256978	2292.7053531244533	2300.8272108602478	2308.9936011420045	2318.8044420363267	2330.2346617486855	2337.189327202939	2341.164457246563	2343.9914818711686	2346.195122110298	2347.8327947084103	2350.021683414845	2354.251846453859	2358.252319650752	2361.7667660844722	2368.422884178564	2381.3189933968815	2399.1664748723724	0.0	0.0	0.0	0.0	0.0	0.0	0.0	0.0	0.0	0.0	0.0	0.0	
0.0	0.0	0.0	0.0	0.0	0.0	0.0	0.0	0.0	0.0	0.0	0.0	0.0	0.0	2670.6337827818907	2646.386499392121	2590.775958980502	2525.991254925084	2470.2185680209004	2425.1821063263606	2388.6952599532333	2361.654694410295	2337.408222942837	2320.5496706143135	2311.615803127747	2309.9525817042104	2311.734579410555	2307.710746854208	2291.1731736315974	2274.1947306347056	2263.360668569299	2255.2187738869866	2248.2102048992074	2242.9165199887725	2241.7374350583505	2242.9882812544447	2245.724852144428	2251.866956768553	2257.7838621458404	2261.457998378707	2266.0503721967334	2274.062389709826	2283.7992815149596	2293.760686697389	2303.2391479354164	2313.6265080067096	2324.4278932849224	2334.468045942341	2343.3097166524844	2350.908974884904	2356.887927693667	2361.3996198490527	2365.911698162983	2371.4556124401483	2377.4231650369306	2382.7188489496166	2388.3857139233046	2397.6477875680434	0.0	0.0	0.0	0.0	0.0	0.0	0.0	0.0	0.0	0.0	0.0	0.0	0.0	
0.0	0.0	0.0	0.0	0.0	0.0	0.0	0.0	0.0	0.0	0.0	0.0	0.0	0.0	0.0	2737.329617569288	2661.8259461834477	2578.2430041134007	2508.3619417866926	2453.200702201013	2412.205698729702	2379.6156552141206	2351.377400270252	2331.46168575689	2319.2019032730527	2316.1904074003896	2320.739022250487	2316.9225138925276	2301.512898730069	2284.3827367780127	2272.6177118548017	2265.3583885482963	2257.2163238856083	2249.921069029246	2246.604241093484	2243.1782239835547	2242.4314210667053	2244.390309717698	2249.382316920405	2254.5339805069707	2258.6296130281353	2264.8434883198393	2273.5083087622947	2283.613062222491	2294.753368829129	2305.850136797774	2317.2573348479877	2330.0742594507924	2342.52511858866	2354.380515082209	2364.8502401364194	2372.8634256558003	2379.963524227071	2388.1600624799676	2396.424051661809	2403.596804086986	0.0	0.0	0.0	0.0	0.0	0.0	0.0	0.0	0.0	0.0	0.0	0.0	0.0	0.0	0.0	
0.0	0.0	0.0	0.0	0.0	0.0	0.0	0.0	0.0	0.0	0.0	0.0	0.0	0.0	0.0	0.0	0.0	2620.883752316124	2534.1852520690354	2472.0541173861866	2427.163974281205	2392.7010869015753	2363.3771550607476	2339.6170878470057	2322.240136648277	2317.782871729137	2322.7728358288064	2321.375288887683	2307.024510204372	2292.617409181962	2282.8844684688843	2275.279745832583	2266.822513663752	2258.2986319527354	2251.7136513882156	2246.1397006004704	2242.182016600158	2240.4911651135153	2242.2684632667338	2246.6676324498526	2251.410354368595	2256.2450811557646	2262.846253058499	2272.081048965493	2283.415910427655	2295.6732812118516	2308.526513267631	2323.6437610414523	2339.2948674925865	2354.7663830587653	2369.031065515813	2380.7782369911884	2391.1204697946846	2403.0750822147315	2414.489486403615	0.0	0.0	0.0	0.0	0.0	0.0	0.0	0.0	0.0	0.0	0.0	0.0	0.0	0.0	0.0	0.0	
0.0	0.0	0.0	0.0	0.0	0.0	0.0	0.0	0.0	0.0	0.0	0.0	0.0	0.0	0.0	0.0	0.0	0.0	2548.362432151424	2480.251327213363	2433.0649852948663	2398.749566447034	2369.024633262227	2342.995520481261	2323.1090948206256	2317.6901980296	2323.114305883118	2322.826152716878	2311.569829320715	2298.045176005289	2289.611374371544	2282.6834793484068	2274.141706609224	2265.5363009906587	2258.4837227466332	2252.1944841160657	2246.7558508312236	2241.864341628667	2239.604826703227	2241.4830608696757	2244.581935602378	2247.4700174315954	2252.9363902252444	2261.0173611595583	2271.7269749236166	2284.6936171702137	2299.43905190403	2316.253647653586	2334.411488435377	2352.2579679148207	2369.580949155785	2384.7789844641184	2399.201576844286	2414.6127607412673	0.0	0.0	0.0	0.0	0.0	0.0	0.0	0.0	0.0	0.0	0.0	0.0	0.0	0.0	0.0	0.0	0.0	
0.0	0.0	0.0	0.0	0.0	0.0	0.0	0.0	0.0	0.0	0.0	0.0	0.0	0.0	0.0	0.0	0.0	0.0	0.0	0.0	2434.130610262633	2400.4893932346	2371.9046639124117	2345.45414875996	2324.9625923675585	2319.657515854046	2323.968951791232	2322.6646820451797	2311.9843783397	2299.8188727959528	2292.24449292964	2287.0135960552984	2279.5120184994526	2271.5579196979356	2264.949846913748	2260.0020061380305	2254.042661687481	2247.673044327937	2242.3193854114515	2239.6234840620687	2240.265695944765	2241.5148328201385	2245.526719365768	2252.596629862086	2262.6933569031994	2275.8950178517334	2291.506687870158	2309.0659784345985	2328.771356797098	2348.242238807154	2367.601263671473	2385.8132403896384	0.0	0.0	0.0	0.0	0.0	0.0	0.0	0.0	0.0	0.0	0.0	0.0	0.0	0.0	0.0	0.0	0.0	0.0	0.0	
0.0	0.0	0.0	0.0	0.0	0.0	0.0	0.0	0.0	0.0	0.0	0.0	0.0	0.0	0.0	0.0	0.0	0.0	0.0	0.0	0.0	0.0	2373.7107795563443	2347.8348731089736	2327.941597605377	2321.5956425562213	2322.091562028019	2318.020363386919	2307.0833899959343	2297.500499226909	2292.4417242162963	2288.414068032736	2282.7410608314467	2276.3955508462204	2271.3053329986665	2266.899807135323	2261.1663228649327	2254.2658453215845	2247.692963477514	2242.397922963711	2239.6150464060834	2239.629142366962	2242.5182404015877	2249.305042660601	2258.624695582473	2270.296885144864	2285.465839104958	2302.4539522415726	2322.5539490489905	2343.346136375506	0.0	0.0	0.0	0.0	0.0	0.0	0.0	0.0	0.0	0.0	0.0	0.0	0.0	0.0	0.0	0.0	0.0	0.0	0.0	0.0	0.0	
0.0	0.0	0.0	0.0	0.0	0.0	0.0	0.0	0.0	0.0	0.0	0.0	0.0	0.0	0.0	0.0	0.0	0.0	0.0	0.0	0.0	0.0	0.0	0.0	2328.3107652402705	2319.249422800661	2316.5033765704816	2310.830571557153	2301.0040682476915	2291.9124975309473	2288.7199997294465	2287.3455652750376	2283.6117203796557	2279.8566424125306	2275.4722099177816	2271.126641671969	2265.59063598882	2259.1601508729345	2252.826660184411	2246.6171093536313	2242.4262687408223	2241.9114008741376	2243.7526947806778	2249.8497270081016	2258.482998935692	2268.2603566016514	2280.736112501918	0.0	0.0	0.0	0.0	0.0	0.0	0.0	0.0	0.0	0.0	0.0	0.0	0.0	0.0	0.0	0.0	0.0	0.0	0.0	0.0	0.0	0.0	0.0	0.0	
0.0	0.0	0.0	0.0	0.0	0.0	0.0	0.0	0.0	0.0	0.0	0.0	0.0	0.0	0.0	0.0	0.0	0.0	0.0	0.0	0.0	0.0	0.0	0.0	0.0	0.0	0.0	0.0	2291.5774456155314	2284.0475748241533	2283.484624394369	2285.5163051574414	2285.053631123348	2282.4044442940926	2278.5954677438544	2273.628107249152	2268.1497185520498	2262.4458556950235	2256.6517370300553	2251.2594560657376	2246.836901357992	2245.3800257219573	2247.0983638730336	2252.6282371713164	0.0	0.0	0.0	0.0	0.0	0.0	0.0	0.0	0.0	0.0	0.0	0.0	0.0	0.0	0.0	0.0	0.0	0.0	0.0	0.0	0.0	0.0	0.0	0.0	0.0	0.0	0.0	
0.0	0.0	0.0	0.0	0.0	0.0	0.0	0.0	0.0	0.0	0.0	0.0	0.0	0.0	0.0	0.0	0.0	0.0	0.0	0.0	0.0	0.0	0.0	0.0	0.0	0.0	0.0	0.0	0.0	0.0	0.0	0.0	0.0	0.0	0.0	2275.3458378267037	2269.892112449473	0.0	0.0	0.0	0.0	0.0	0.0	0.0	0.0	0.0	0.0	0.0	0.0	0.0	0.0	0.0	0.0	0.0	0.0	0.0	0.0	0.0	0.0	0.0	0.0	0.0	0.0	0.0	0.0	0.0	0.0	0.0	0.0	0.0	0.0	
0.0	0.0	0.0	0.0	0.0	0.0	0.0	0.0	0.0	0.0	0.0	0.0	0.0	0.0	0.0	0.0	0.0	0.0	0.0	0.0	0.0	0.0	0.0	0.0	0.0	0.0	0.0	0.0	0.0	0.0	0.0	0.0	0.0	0.0	0.0	0.0	0.0	0.0	0.0	0.0	0.0	0.0	0.0	0.0	0.0	0.0	0.0	0.0	0.0	0.0	0.0	0.0	0.0	0.0	0.0	0.0	0.0	0.0	0.0	0.0	0.0	0.0	0.0	0.0	0.0	0.0	0.0	0.0	0.0	0.0	0.0	
RGB-data
imageType	bytesPerPixel
0	1
0	0	0	0	0	0	0	0	0	0	0	0	0	0	0	0	0	0	0	0	0	0	0	0	0	0	0	0	0	0	0	0	0	0	0	0	0	0	0	0	0	0	0	0	0	0	0	0	0	0	0	0	0	0	0	0	0	0	0	0	0	0	0	0	0	0	0	0	0	0	0	
0	0	0	0	0	0	0	0	0	0	0	0	0	0	0	0	0	0	0	0	0	0	0	0	0	0	0	0	0	0	0	0	0	0	0	0	0	0	0	0	0	0	0	0	0	0	0	0	0	0	0	0	0	0	0	0	0	0	0	0	0	0	0	0	0	0	0	0	0	0	0	
0	0	0	0	0	0	0	0	0	0	0	0	0	0	0	0	0	0	0	0	0	0	0	0	0	0	0	0	0	0	0	0	0	0	0	0	0	0	0	0	0	0	0	0	0	0	0	0	0	0	0	0	0	0	0	0	0	0	0	0	0	0	0	0	0	0	0	0	0	0	0	
0	0	0	0	0	0	0	0	0	0	0	0	0	0	0	0	0	0	0	0	0	0	0	0	0	0	0	0	0	0	0	0	0	0	0	0	0	0	0	0	0	0	0	0	0	0	0	0	0	0	0	0	0	0	0	0	0	0	0	0	0	0	0	0	0	0	0	0	0	0	0	
0	0	0	0	0	0	0	0	0	0	0	0	0	0	0	0	0	0	0	0	0	0	0	0	0	0	0	0	0	0	0	0	0	0	0	0	0	0	0	0	0	0	0	0	0	0	0	0	0	0	0	0	0	0	0	0	0	0	0	0	0	0	0	0	0	0	0	0	0	0	0	
0	0	0	0	0	0	0	0	0	0	0	0	0	0	0	0	0	0	0	0	0	0	0	0	0	0	0	0	0	0	0	0	0	0	0	0	0	0	0	0	0	0	0	0	0	0	0	0	0	0	0	0	0	0	0	0	0	0	0	0	0	0	0	0	0	0	0	0	0	0	0	
0	0	0	0	0	0	0	0	0	0	0	0	0	0	0	0	0	0	0	0	0	0	0	0	0	0	0	0	0	0	0	0	0	0	0	0	0	0	0	0	0	0	0	0	0	0	0	0	0	0	0	0	0	0	0	0	0	0	0	0	0	0	0	0	0	0	0	0	0	0	0	
0	0	0	0	0	0	0	0	0	0	0	0	0	0	0	0	0	0	0	0	0	0	0	0	0	0	0	0	0	0	0	0	0	0	0	0	0	0	0	0	0	0	0	0	0	0	0	0	0	0	0	0	0	0	0	0	0	0	0	0	0	0	0	0	0	0	0	0	0	0	0	
0	0	0	0	0	0	0	0	0	0	0	0	0	0	0	0	0	0	0	0	0	0	0	0	0	0	0	0	0	0	0	0	0	0	0	0	0	0	0	0	0	0	0	0	0	0	0	0	0	0	0	0	0	0	0	0	0	0	0	0	0	0	0	0	0	0	0	0	0	0	0	
0	0	0	0	0	0	0	0	0	0	0	0	0	0	0	0	0	0	0	0	0	0	0	0	0	0	0	0	0	0	0	0	0	0	0	0	0	0	0	0	0	0	0	0	0	0	0	0	0	0	0	0	0	0	0	0	0	0	0	0	0	0	0	0	0	0	0	0	0	0	0	
0	0	0	0	0	0	0	0	0	0	0	0	0	0	0	0	0	0	0	0	0	0	0	0	0	0	0	0	0	0	0	0	0	0	0	0	0	0	0	0	0	0	0	0	0	0	0	0	0	0	0	0	0	0	0	0	0	0	0	0	0	0	0	0	0	0	0	0	0	0	0	
0	0	0	0	0	0	0	0	0	0	0	0	0	0	0	0	0	0	0	0	0	0	0	0	0	0	0	0	0	0	0	0	0	0	0	0	0	0	0	0	0	0	0	0	0	0	0	0	0	0	0	0	0	0	0	0	0	0	0	0	0	0	0	0	0	0	0	0	0	0	0	
0	0	0	0	0	0	0	0	0	0	0	0	0	0	0	0	0	0	0	0	0	0	0	0	0	0	0	0	0	0	0	0	0	0	0	0	0	0	0	0	0	0	0	0	0	0	0	0	0	0	0	0	0	0	0	0	0	0	0	0	0	0	0	0	0	0	0	0	0	0	0	
0	0	0	0	0	0	0	0	0	0	0	0	0	0	0	0	0	0	0	0	0	0	0	0	0	0	0	0	0	0	0	0	0	0	0	0	0	0	0	0	0	0	0	0	0	0	0	0	0	0	0	0	0	0	0	0	0	0	0	0	0	0	0	0	0	0	0	0	0	0	0	
0	0	0	0	0	0	0	0	0	0	0	0	0	0	0	0	0	0	0	0	0	0	0	0	0	0	0	0	0	0	0	0	0	0	0	0	0	0	0	0	0	0	0	0	0	0	0	0	0	0	0	0	0	0	0	0	0	0	0	0	0	0	0	0	0	0	0	0	0	0	0	
0	0	0	0	0	0	0	0	0	0	0	0	0	0	0	0	0	0	0	0	0	0	0	0	0	0	0	0	0	0	0	0	0	0	0	0	0	0	0	0	0	0	0	0	0	0	0	0	0	0	0	0	0	0	0	0	0	0	0	0	0	0	0	0	0	0	0	0	0	0	0	
0	0	0	0	0	0	0	0	0	0	0	0	0	0	0	0	0	0	0	0	0	0	0	0	0	0	0	0	0	0	0	0	0	0	0	0	0	0	0	0	0	0	0	0	0	0	0	0	0	0	0	0	0	0	0	0	0	0	0	0	0	0	0	0	0	0	0	0	0	0	0	
0	0	0	0	0	0	0	0	0	0	0	0	0	0	0	0	0	0	0	0	0	0	0	0	0	0	0	0	0	0	0	0	0	0	0	0	0	0	0	0	0	0	0	0	0	0	0	0	0	0	0	0	0	0	0	0	0	0	0	0	0	0	0	0	0	0	0	0	0	0	0	
0	0	0	0	0	0	0	0	0	0	0	0	0	0	0	0	0	0	0	0	0	0	0	0	0	0	0	0	0	0	0	0	0	0	0	0	0	0	0	0	0	0	0	0	0	0	0	0	0	0	0	0	0	0	0	0	0	0	0	0	0	0	0	0	0	0	0	0	0	0	0	
0	0	0	0	0	0	0	0	0	0	0	0	0	0	0	0	0	0	0	0	0	0	0	0	0	0	0	0	0	0	0	0	0	0	0	0	0	0	0	0	0	0	0	0	0	0	0	0	0	0	0	0	0	0	0	0	0	0	0	0	0	0	0	0	0	0	0	0	0	0	0	
0	0	0	0	0	0	0	0	0	0	0	0	0	0	0	0	0	0	0	0	0	0	0	0	0	0	0	0	0	0	0	0	0	0	0	0	0	0	0	0	0	0	0	0	0	0	0	0	0	0	0	0	0	0	0	0	0	0	0	0	0	0	0	0	0	0	0	0	0	0	0	
0	0	0	0	0	0	0	0	0	0	0	0	0	0	0	0	0	0	0	0	0	0	0	0	0	0	0	0	0	0	0	0	0	0	0	0	0	0	0	0	0	0	0	0	0	0	0	0	0	0	0	0	0	0	0	0	0	0	0	0	0	0	0	0	0	0	0	0	0	0	0	
0	0	0	0	0	0	0	0	0	0	0	0	0	0	0	0	0	0	0	0	0	0	0	0	0	0	0	0	0	0	0	0	0	0	0	0	0	0	0	0	0	0	0	0	0	0	0	0	0	0	0	0	0	0	0	0	0	0	0	0	0	0	0	0	0	0	0	0	0	0	0	
0	0	0	0	0	0	0	0	0	0	0	0	0	0	0	0	0	0	0	0	0	0	0	0	0	0	0	0	0	0	0	0	0	0	0	0	0	0	0	0	0	0	0	0	0	0	0	0	0	0	0	0	0	0	0	0	0	0	0	0	0	0	0	0	0	0	0	0	0	0	0	
0	0	0	0	0	0	0	0	0	0	0	0	0	0	0	0	0	0	0	0	0	0	0	0	0	0	0	0	0	0	0	0	0	0	0	0	0	0	0	0	0	0	0	0	0	0	0	0	0	0	0	0	0	0	0	0	0	0	0	0	0	0	0	0	0	0	0	0	0	0	0	
0	0	0	0	0	0	0	0	0	0	0	0	0	0	0	0	0	0	0	0	0	0	0	0	0	0	0	0	0	0	0	0	0	0	0	0	0	0	0	0	0	0	0	0	0	0	0	0	0	0	0	0	0	0	0	0	0	0	0	0	0	0	0	0	0	0	0	0	0	0	0	
0	0	0	0	0	0	0	0	0	0	0	0	0	0	0	0	0	0	0	0	0	0	0	0	0	0	0	0	0	0	0	0	0	0	0	0	0	0	0	0	0	0	0	0	0	0	0	0	0	0	0	0	0	0	0	0	0	0	0	0	0	0	0	0	0	0	0	0	0	0	0	
0	0	0	0	0	0	0	0	0	0	0	0	0	0	0	0	0	0	0	0	0	0	0	0	0	0	0	0	0	0	0	0	0	0	0	0	0	0	0	0	0	0	0	0	0	0	0	0	0	0	0	0	0	0	0	0	0	0	0	0	0	0	0	0	0	0	0	0	0	0	0	
0	0	0	0	0	0	0	0	0	0	0	0	0	0	0	0	0	0	0	0	0	0	0	0	0	0	0	0	0	0	0	0	0	0	0	0	0	0	0	0	0	0	0	0	0	0	0	0	0	0	0	0	0	0	0	0	0	0	0	0	0	0	0	0	0	0	0	0	0	0	0	
0	0	0	0	0	0	0	0	0	0	0	0	0	0	0	0	0	0	0	0	0	0	0	0	0	0	0	0	0	0	0	0	0	0	0	0	0	0	0	0	0	0	0	0	0	0	0	0	0	0	0	0	0	0	0	0	0	0	0	0	0	0	0	0	0	0	0	0	0	0	0	
0	0	0	0	0	0	0	0	0	0	0	0	0	0	0	0	0	0	0	0	0	0	0	0	0	0	0	0	0	0	0	0	0	0	0	0	0	0	0	0	0	0	0	0	0	0	0	0	0	0	0	0	0	0	0	0	0	0	0	0	0	0	0	0	0	0	0	0	0	0	0	
0	0	0	0	0	0	0	0	0	0	0	0	0	0	0	0	0	0	0	0	0	0	0	0	0	0	0	0	0	0	0	0	0	0	0	0	0	0	0	0	0	0	0	0	0	0	0	0	0	0	0	0	0	0	0	0	0	0	0	0	0	0	0	0	0	0	0	0	0	0	0	
0	0	0	0	0	0	0	0	0	0	0	0	0	0	0	0	0	0	0	0	0	0	0	0	0	0	0	0	0	0	0	0	0	0	0	0	0	0	0	0	0	0	0	0	0	0	0	0	0	0	0	0	0	0	0	0	0	0	0	0	0	0	0	0	0	0	0	0	0	0	0	
0	0	0	0	0	0	0	0	0	0	0	0	0	0	0	0	0	0	0	0	0	0	0	0	0	0	0	0	0	0	0	0	0	0	0	0	0	0	0	0	0	0	0	0	0	0	0	0	0	0	0	0	0	0	0	0	0	0	0	0	0	0	0	0	0	0	0	0	0	0	0	
0	0	0	0	0	0	0	0	0	0	0	0	0	0	0	0	0	0	0	0	0	0	0	0	0	0	0	0	0	0	0	0	0	0	0	0	0	0	0	0	0	0	0	0	0	0	0	0	0	0	0	0	0	0	0	0	0	0	0	0	0	0	0	0	0	0	0	0	0	0	0	
0	0	0	0	0	0	0	0	0	0	0	0	0	0	0	0	0	0	0	0	0	0	0	0	0	0	0	0	0	0	0	0	0	0	0	0	0	0	0	0	0	0	0	0	0	0	0	0	0	0	0	0	0	0	0	0	0	0	0	0	0	0	0	0	0	0	0	0	0	0	0	
0	0	0	0	0	0	0	0	0	0	0	0	0	0	0	0	0	0	0	0	0	0	0	0	0	0	0	0	0	0	0	0	0	0	0	0	0	0	0	0	0	0	0	0	0	0	0	0	0	0	0	0	0	0	0	0	0	0	0	0	0	0	0	0	0	0	0	0	0	0	0	
0	0	0	0	0	0	0	0	0	0	0	0	0	0	0	0	0	0	0	0	0	0	0	0	0	0	0	0	0	0	0	0	0	0	0	0	0	0	0	0	0	0	0	0	0	0	0	0	0	0	0	0	0	0	0	0	0	0	0	0	0	0	0	0	0	0	0	0	0	0	0	
0	0	0	0	0	0	0	0	0	0	0	0	0	0	0	0	0	0	0	0	0	0	0	0	0	0	0	0	0	0	0	0	0	0	0	0	0	0	0	0	0	0	0	0	0	0	0	0	0	0	0	0	0	0	0	0	0	0	0	0	0	0	0	0	0	0	0	0	0	0	0	
0	0	0	0	0	0	0	0	0	0	0	0	0	0	0	0	0	0	0	0	0	0	0	0	0	0	0	0	0	0	0	0	0	0	0	0	0	0	0	0	0	0	0	0	0	0	0	0	0	0	0	0	0	0	0	0	0	0	0	0	0	0	0	0	0	0	0	0	0	0	0	
0	0	0	0	0	0	0	0	0	0	0	0	0	0	0	0	0	0	0	0	0	0	0	0	0	0	0	0	0	0	0	0	0	0	0	0	0	0	0	0	0	0	0	0	0	0	0	0	0	0	0	0	0	0	0	0	0	0	0	0	0	0	0	0	0	0	0	0	0	0	0	
0	0	0	0	0	0	0	0	0	0	0	0	0	0	0	0	0	0	0	0	0	0	0	0	0	0	0	0	0	0	0	0	0	0	0	0	0	0	0	0	0	0	0	0	0	0	0	0	0	0	0	0	0	0	0	0	0	0	0	0	0	0	0	0	0	0	0	0	0	0	0	
0	0	0	0	0	0	0	0	0	0	0	0	0	0	0	0	0	0	0	0	0	0	0	0	0	0	0	0	0	0	0	0	0	0	0	0	0	0	0	0	0	0	0	0	0	0	0	0	0	0	0	0	0	0	0	0	0	0	0	0	0	0	0	0	0	0	0	0	0	0	0	
0	0	0	0	0	0	0	0	0	0	0	0	0	0	0	0	0	0	0	0	0	0	0	0	0	0	0	0	0	0	0	0	0	0	0	0	0	0	0	0	0	0	0	0	0	0	0	0	0	0	0	0	0	0	0	0	0	0	0	0	0	0	0	0	0	0	0	0	0	0	0	
0	0	0	0	0	0	0	0	0	0	0	0	0	0	0	0	0	0	0	0	0	0	0	0	0	0	0	0	0	0	0	0	0	0	0	0	0	0	0	0	0	0	0	0	0	0	0	0	0	0	0	0	0	0	0	0	0	0	0	0	0	0	0	0	0	0	0	0	0	0	0	
0	0	0	0	0	0	0	0	0	0	0	0	0	0	0	0	0	0	0	0	0	0	0	0	0	0	0	0	0	0	0	0	0	0	0	0	0	0	0	0	0	0	0	0	0	0	0	0	0	0	0	0	0	0	0	0	0	0	0	0	0	0	0	0	0	0	0	0	0	0	0	
0	0	0	0	0	0	0	0	0	0	0	0	0	0	0	0	0	0	0	0	0	0	0	0	0	0	0	0	0	0	0	0	0	0	0	0	0	0	0	0	0	0	0	0	0	0	0	0	0	0	0	0	0	0	0	0	0	0	0	0	0	0	0	0	0	0	0	0	0	0	0	
0	0	0	0	0	0	0	0	0	0	0	0	0	0	0	0	0	0	0	0	0	0	0	0	0	0	0	0	0	0	0	0	0	0	0	0	0	0	0	0	0	0	0	0	0	0	0	0	0	0	0	0	0	0	0	0	0	0	0	0	0	0	0	0	0	0	0	0	0	0	0	
0	0	0	0	0	0	0	0	0	0	0	0	0	0	0	0	0	0	0	0	0	0	0	0	0	0	0	0	0	0	0	0	0	0	0	0	0	0	0	0	0	0	0	0	0	0	0	0	0	0	0	0	0	0	0	0	0	0	0	0	0	0	0	0	0	0	0	0	0	0	0	
0	0	0	0	0	0	0	0	0	0	0	0	0	0	0	0	0	0	0	0	0	0	0	0	0	0	0	0	0	0	0	0	0	0	0	0	0	0	0	0	0	0	0	0	0	0	0	0	0	0	0	0	0	0	0	0	0	0	0	0	0	0	0	0	0	0	0	0	0	0	0	
0	0	0	0	0	0	0	0	0	0	0	0	0	0	0	0	0	0	0	0	0	0	0	0	0	0	0	0	0	0	0	0	0	0	0	0	0	0	0	0	0	0	0	0	0	0	0	0	0	0	0	0	0	0	0	0	0	0	0	0	0	0	0	0	0	0	0	0	0	0	0	
0	0	0	0	0	0	0	0	0	0	0	0	0	0	0	0	0	0	0	0	0	0	0	0	0	0	0	0	0	0	0	0	0	0	0	0	0	0	0	0	0	0	0	0	0	0	0	0	0	0	0	0	0	0	0	0	0	0	0	0	0	0	0	0	0	0	0	0	0	0	0	
0	0	0	0	0	0	0	0	0	0	0	0	0	0	0	0	0	0	0	0	0	0	0	0	0	0	0	0	0	0	0	0	0	0	0	0	0	0	0	0	0	0	0	0	0	0	0	0	0	0	0	0	0	0	0	0	0	0	0	0	0	0	0	0	0	0	0	0	0	0	0	
0	0	0	0	0	0	0	0	0	0	0	0	0	0	0	0	0	0	0	0	0	0	0	0	0	0	0	0	0	0	0	0	0	0	0	0	0	0	0	0	0	0	0	0	0	0	0	0	0	0	0	0	0	0	0	0	0	0	0	0	0	0	0	0	0	0	0	0	0	0	0	
0	0	0	0	0	0	0	0	0	0	0	0	0	0	0	0	0	0	0	0	0	0	0	0	0	0	0	0	0	0	0	0	0	0	0	0	0	0	0	0	0	0	0	0	0	0	0	0	0	0	0	0	0	0	0	0	0	0	0	0	0	0	0	0	0	0	0	0	0	0	0	
0	0	0	0	0	0	0	0	0	0	0	0	0	0	0	0	0	0	0	0	0	0	0	0	0	0	0	0	0	0	0	0	0	0	0	0	0	0	0	0	0	0	0	0	0	0	0	0	0	0	0	0	0	0	0	0	0	0	0	0	0	0	0	0	0	0	0	0	0	0	0	
0	0	0	0	0	0	0	0	0	0	0	0	0	0	0	0	0	0	0	0	0	0	0	0	0	0	0	0	0	0	0	0	0	0	0	0	0	0	0	0	0	0	0	0	0	0	0	0	0	0	0	0	0	0	0	0	0	0	0	0	0	0	0	0	0	0	0	0	0	0	0	
0	0	0	0	0	0	0	0	0	0	0	0	0	0	0	0	0	0	0	0	0	0	0	0	0	0	0	0	0	0	0	0	0	0	0	0	0	0	0	0	0	0	0	0	0	0	0	0	0	0	0	0	0	0	0	0	0	0	0	0	0	0	0	0	0	0	0	0	0	0	0	
0	0	0	0	0	0	0	0	0	0	0	0	0	0	0	0	0	0	0	0	0	0	0	0	0	0	0	0	0	0	0	0	0	0	0	0	0	0	0	0	0	0	0	0	0	0	0	0	0	0	0	0	0	0	0	0	0	0	0	0	0	0	0	0	0	0	0	0	0	0	0	
0	0	0	0	0	0	0	0	0	0	0	0	0	0	0	0	0	0	0	0	0	0	0	0	0	0	0	0	0	0	0	0	0	0	0	0	0	0	0	0	0	0	0	0	0	0	0	0	0	0	0	0	0	0	0	0	0	0	0	0	0	0	0	0	0	0	0	0	0	0	0	
0	0	0	0	0	0	0	0	0	0	0	0	0	0	0	0	0	0	0	0	0	0	0	0	0	0	0	0	0	0	0	0	0	0	0	0	0	0	0	0	0	0	0	0	0	0	0	0	0	0	0	0	0	0	0	0	0	0	0	0	0	0	0	0	0	0	0	0	0	0	0	
0	0	0	0	0	0	0	0	0	0	0	0	0	0	0	0	0	0	0	0	0	0	0	0	0	0	0	0	0	0	0	0	0	0	0	0	0	0	0	0	0	0	0	0	0	0	0	0	0	0	0	0	0	0	0	0	0	0	0	0	0	0	0	0	0	0	0	0	0	0	0	
0	0	0	0	0	0	0	0	0	0	0	0	0	0	0	0	0	0	0	0	0	0	0	0	0	0	0	0	0	0	0	0	0	0	0	0	0	0	0	0	0	0	0	0	0	0	0	0	0	0	0	0	0	0	0	0	0	0	0	0	0	0	0	0	0	0	0	0	0	0	0	
0	0	0	0	0	0	0	0	0	0	0	0	0	0	0	0	0	0	0	0	0	0	0	0	0	0	0	0	0	0	0	0	0	0	0	0	0	0	0	0	0	0	0	0	0	0	0	0	0	0	0	0	0	0	0	0	0	0	0	0	0	0	0	0	0	0	0	0	0	0	0	
0	0	0	0	0	0	0	0	0	0	0	0	0	0	0	0	0	0	0	0	0	0	0	0	0	0	0	0	0	0	0	0	0	0	0	0	0	0	0	0	0	0	0	0	0	0	0	0	0	0	0	0	0	0	0	0	0	0	0	0	0	0	0	0	0	0	0	0	0	0	0	
0	0	0	0	0	0	0	0	0	0	0	0	0	0	0	0	0	0	0	0	0	0	0	0	0	0	0	0	0	0	0	0	0	0	0	0	0	0	0	0	0	0	0	0	0	0	0	0	0	0	0	0	0	0	0	0	0	0	0	0	0	0	0	0	0	0	0	0	0	0	0	
0	0	0	0	0	0	0	0	0	0	0	0	0	0	0	0	0	0	0	0	0	0	0	0	0	0	0	0	0	0	0	0	0	0	0	0	0	0	0	0	0	0	0	0	0	0	0	0	0	0	0	0	0	0	0	0	0	0	0	0	0	0	0	0	0	0	0	0	0	0	0	
0	0	0	0	0	0	0	0	0	0	0	0	0	0	0	0	0	0	0	0	0	0	0	0	0	0	0	0	0	0	0	0	0	0	0	0	0	0	0	0	0	0	0	0	0	0	0	0	0	0	0	0	0	0	0	0	0	0	0	0	0	0	0	0	0	0	0	0	0	0	0	
0	0	0	0	0	0	0	0	0	0	0	0	0	0	0	0	0	0	0	0	0	0	0	0	0	0	0	0	0	0	0	0	0	0	0	0	0	0	0	0	0	0	0	0	0	0	0	0	0	0	0	0	0	0	0	0	0	0	0	0	0	0	0	0	0	0	0	0	0	0	0	
0	0	0	0	0	0	0	0	0	0	0	0	0	0	0	0	0	0	0	0	0	0	0	0	0	0	0	0	0	0	0	0	0	0	0	0	0	0	0	0	0	0	0	0	0	0	0	0	0	0	0	0	0	0	0	0	0	0	0	0	0	0	0	0	0	0	0	0	0	0	0	
0	0	0	0	0	0	0	0	0	0	0	0	0	0	0	0	0	0	0	0	0	0	0	0	0	0	0	0	0	0	0	0	0	0	0	0	0	0	0	0	0	0	0	0	0	0	0	0	0	0	0	0	0	0	0	0	0	0	0	0	0	0	0	0	0	0	0	0	0	0	0	
