numCols	numRows	pixelSize
71	71	1.4553755612435448
Z-data
0.0	0.0	0.0	0.0	0.0	0.0	0.0	0.0	0.0	0.0	0.0	0.0	0.0	0.0	0.0	0.0	0.0	0.0	0.0	0.0	0.0	0.0	0.0	0.0	0.0	0.0	0.0	0.0	0.0	0.0	0.0	0.0	0.0	0.0	0.0	0.0	0.0	0.0	0.0	0.0	0.0	0.0	0.0	0.0	0.0	0.0	0.0	0.0	0.0	0.0	0.0	0.0	0.0	0.0	0.0	0.0	0.0	0.0	0.0	0.0	0.0	0.0	0.0	0.0	0.0	0.0	0.0	0.0	0.0	0.0	0.0	
0.0	0.0	0.0	0.0	0.0	0.0	0.0	0.0	0.0	0.0	0.0	0.0	0.0	0.0	0.0	0.0	0.0	0.0	0.0	0.0	0.0	0.0	0.0	0.0	0.0	0.0	0.0	0.0	0.0	0.0	0.0	0.0	0.0	0.0	0.0	0.0	0.0	0.0	0.0	0.0	0.0	0.0	0.0	0.0	0.0	0.0	0.0	0.0	0.0	0.0	0.0	0.0	0.0	0.0	0.0	0.0	0.0	0.0	0.0	0.0	0.0	0.0	0.0	0.0	0.0	0.0	0.0	0.0	0.0	0.0	0.0	
0.0	0.0	0.0	0.0	0.0	0.0	0.0	0.0	0.0	0.0	0.0	0.0	0.0	0.0	0.0	0.0	0.0	0.0	0.0	0.0	0.0	0.0	0.0	0.0	0.0	0.0	0.0	0.0	0.0	0.0	0.0	2149.275349240276	2151.402265624918	2153.52918200956	2154.9055534843383	2156.101175167677	2158.576259287711	2161.7567543855594	2164.4091182074476	2166.5202575493277	0.0	0.0	0.0	0.0	0.0	0.0	0.0	0.0	0.0	0.0	0.0	0.0	0.0	0.0	0.0	0.0	0.0	0.0	0.0	0.0	0.0	0.0	0.0	0.0	0.0	0.0	0.0	0.0	0.0	0.0	0.0	
0.0	0.0	0.0	0.0	0.0	0.0	0.0	0.0	0.0	0.0	0.0	0.0	0.0	0.0	0.0	0.0	0.0	0.0	0.0	0.0	0.0	0.0	0.0	0.0	0.0	0.0	0.0	2158.844476484095	2158.827900540205	2158.6033052518146	2156.248477775721	2153.1983135048126	2153.309059564357	2155.4359759489994	2156.940491582314	2158.1660761292937	2160.641160249328	2163.6963610860103	2166.2454766638466	2169.4330627358318	2180.053805063718	2188.289487023382	2202.250550160013	2211.070971672964	2220.3374784147472	0.0	0.0	0.0	0.0	0.0	0.0	0.0	0.0	0.0	0.0	0.0	0.0	0.0	0.0	0.0	0.0	0.0	0.0	0.0	0.0	0.0	0.0	0.0	0.0	0.0	0.0	
0.0	0.0	0.0	0.0	0.0	0.0	0.0	0.0	0.0	0.0	0.0	0.0	0.0	0.0	0.0	0.0	0.0	0.0	0.0	0.0	0.0	0.0	0.0	0.0	2183.3422780346236	2172.500669329489	2166.723560652119	2162.2727164060743	2160.8978738277374	2160.675881474583	2159.673029706663	2157.16576876576	2156.85307389289	2157.342769888439	2158.847465164437	2160.2309770909114	2162.6358418098353	2165.532911560589	2168.081835120246	2179.1318187498878	2189.749471579302	2203.2588581531363	2220.480339453545	2229.300760966496	2243.559232914289	2251.1046329525516	2258.8151309175623	2270.540618197854	0.0	0.0	0.0	0.0	0.0	0.0	0.0	0.0	0.0	0.0	0.0	0.0	0.0	0.0	0.0	0.0	0.0	0.0	0.0	0.0	0.0	0.0	0.0	
0.0	0.0	0.0	0.0	0.0	0.0	0.0	0.0	0.0	0.0	0.0	0.0	0.0	0.0	0.0	0.0	0.0	0.0	0.0	0.0	0.0	2220.294179186539	2210.7337518548056	2201.173324523072	2186.4059568228013	2175.424394904832	2170.578655310244	2166.1023096476483	2164.154306568499	2162.7484576973516	2161.7740274985163	2160.941700782265	2159.9681704542763	2159.3540726377933	2165.8700537441887	2167.6619107512142	2169.9065825643693	2172.4009065173605	2173.5795071926295	2186.0816864466747	2201.5120652405985	2221.5127717284918	2238.7101287470773	2252.48119120124	2266.780987413831	2274.766911088938	2283.7970154817294	2295.563213629408	2306.61035912438	2324.2214568988948	0.0	0.0	0.0	0.0	0.0	0.0	0.0	0.0	0.0	0.0	0.0	0.0	0.0	0.0	0.0	0.0	0.0	0.0	0.0	0.0	0.0	
0.0	0.0	0.0	0.0	0.0	0.0	0.0	0.0	0.0	0.0	0.0	0.0	0.0	0.0	0.0	0.0	0.0	0.0	0.0	2229.074938987276	2220.06674975619	2211.9982153249566	2204.8380111225547	2197.6778069201528	2188.5083380071496	2178.3481204801747	2173.684867261906	2171.3201407531506	2170.403927150551	2168.540684982933	2165.339139408691	2164.5094356385507	2161.1342479186083	2160.520150102125	2174.405244521312	2180.7193093652018	2182.963981178357	2175.5450370315	2173.2145082423494	2187.2075918749465	2205.9107090742687	2226.370027760616	2248.3140000233298	2266.896540232419	2285.3445382261766	2299.748795653105	2308.778900045896	2319.4557144592172	2329.16261446829	2346.9860310935555	2363.9836730189963	2391.8312489855025	0.0	0.0	0.0	0.0	0.0	0.0	0.0	0.0	0.0	0.0	0.0	0.0	0.0	0.0	0.0	0.0	0.0	0.0	0.0	
0.0	0.0	0.0	0.0	0.0	0.0	0.0	0.0	0.0	0.0	0.0	0.0	0.0	0.0	0.0	0.0	0.0	0.0	2219.7945602985287	2215.993387190237	2209.319703815191	2201.191543789663	2194.031339587261	2186.871135384859	2183.5021393058005	2183.5003258064917	2180.5565827597115	2178.2757150866632	2178.274804268748	2176.4294819687884	2170.8261029818264	2168.0771704948365	2164.636529850684	2161.6862275664575	2175.571321985644	2192.0937200797425	2189.312897627785	2175.1800380812197	2173.4980647514617	2191.603955254951	2210.309352907939	2232.358912627882	2254.761223812755	2273.266679107086	2291.1273853771177	2306.645483547848	2322.8203894374687	2338.925118267332	2351.7148698121996	2366.9832373022145	2381.8337397698183	2410.2184398371487	2433.782085479679	2478.260994324987	0.0	0.0	0.0	0.0	0.0	0.0	0.0	0.0	0.0	0.0	0.0	0.0	0.0	0.0	0.0	0.0	0.0	
0.0	0.0	0.0	0.0	0.0	0.0	0.0	0.0	0.0	0.0	0.0	0.0	0.0	0.0	0.0	0.0	2223.91155372336	2207.379494385007	2201.8706734771026	2197.8820036695174	2196.3347253757884	2190.3848722543685	2188.102050225147	2186.6923062508095	2185.2825622764713	2185.2262888906143	2187.1608421747337	2185.11617513045	2185.3194921865306	2184.318278954643	2179.0940185892223	2173.8747458662883	2169.6043114041026	2166.5092343583765	2171.3048729658117	2187.497571651036	2184.3159304484025	2170.452559440474	2184.387750006699	2201.1301488275235	2214.9026861113466	2238.4269648274862	2261.188819987996	2279.0495262580275	2296.9102325280587	2313.059414640117	2330.406796960477	2346.488218447743	2361.0550627112516	2380.9831682591566	2399.6838065206416	2420.842167644845	2439.1628324338767	2485.0754027175526	2517.629532530504	0.0	0.0	0.0	0.0	0.0	0.0	0.0	0.0	0.0	0.0	0.0	0.0	0.0	0.0	0.0	0.0	
0.0	0.0	0.0	0.0	0.0	0.0	0.0	0.0	0.0	0.0	0.0	0.0	0.0	0.0	0.0	2227.331607569002	2206.7640682398187	2189.1978387533777	2183.8743010407425	2179.770620148798	2179.7966571102866	2184.740868504836	2188.049133520417	2188.2927124294542	2187.062985247142	2186.9522519747366	2189.0604779876667	2191.950978034901	2192.150471547704	2192.0486275294843	2189.294729020827	2184.0787707306645	2176.6493092696537	2173.0032311758077	2171.899177749021	2180.279864146843	2177.0982229442093	2184.7025615112434	2200.3302769973498	2210.63947966919	2217.6513319207443	2241.1756106368834	2257.50164621941	2278.3306937610587	2298.0839850966267	2320.6458221631256	2337.993204483485	2352.784965842792	2366.1032759488285	2386.243317509946	2403.154287974568	2424.6377545943947	2444.543579388074	2475.432762323012	2494.5989853356164	2490.3043335513194	2483.2858626686425	0.0	0.0	0.0	0.0	0.0	0.0	0.0	0.0	0.0	0.0	0.0	0.0	0.0	0.0	
0.0	0.0	0.0	0.0	0.0	0.0	0.0	0.0	0.0	0.0	0.0	0.0	0.0	0.0	2211.2598108607463	2205.631533023107	2188.647190926755	2171.0161831217483	2166.405341455334	2165.0774655369464	2165.650315220934	2170.170630135935	2181.1976902627116	2184.324988663582	2184.740274790571	2189.0288489272953	2193.086966802019	2195.999178432333	2198.977369000047	2198.8830760407027	2197.4942043190604	2194.2827955950415	2186.85333413403	2179.4972279932394	2178.392599932866	2177.651796690635	2185.905251098639	2200.6445995952977	2212.065415047441	2213.3558947963447	2220.399977730142	2237.0263354284316	2252.7554115724065	2272.7742955863205	2289.7666211901374	2312.8935628661675	2333.5706536011166	2355.0988810229683	2371.1514891864053	2387.3822476094765	2401.1348545906	2422.980859233934	2440.688158042377	2453.480632669776	2471.082373206783	2469.7796843994192	2463.024565208112	2432.6646510767678	0.0	0.0	0.0	0.0	0.0	0.0	0.0	0.0	0.0	0.0	0.0	0.0	0.0	
0.0	0.0	0.0	0.0	0.0	0.0	0.0	0.0	0.0	0.0	0.0	0.0	0.0	2205.915558716657	2189.639006580597	2183.255146424337	2166.9471163808603	2155.7920434331777	2153.2105278181907	2151.7743513395176	2151.7298378194137	2155.600391767034	2167.6003685791416	2178.890971944672	2181.3843774646584	2185.4537783734877	2196.1720271462873	2200.020768918073	2203.2342062002103	2205.711281108975	2204.30408743125	2202.974344390164	2199.430031142353	2192.482156811238	2190.0623956546765	2189.592044514058	2199.0178463499124	2215.4490613983794	2232.1555076586815	2230.364216717083	2221.306422053647	2234.4001139532975	2247.474181589562	2264.4569316798306	2281.4567361284567	2302.368410273622	2319.9722458815027	2341.5921947608404	2362.142497301622	2383.4903930150713	2399.1154212066313	2416.5961975121963	2430.4732770354935	2442.5786542064934	2451.533455662922	2452.215546802698	2442.763267747581	2419.2417254584307	2397.113337027088	0.0	0.0	0.0	0.0	0.0	0.0	0.0	0.0	0.0	0.0	0.0	0.0	
0.0	0.0	0.0	0.0	0.0	0.0	0.0	0.0	0.0	0.0	0.0	0.0	2214.1898617122993	2193.227167291082	2176.2691075399557	2161.634342144188	2153.195885184672	2146.00142879084	2140.727565877201	2138.4712371420883	2139.3873831464834	2145.379983277963	2156.29998985565	2167.746776493698	2176.2393286090305	2181.87870781968	2192.43063993272	2202.1677366064823	2204.969229106824	2207.701471568865	2211.055902336506	2209.720294426649	2211.019411860607	2206.3487785319294	2203.6422230541675	2202.2730244226545	2211.6988262585087	2241.6112660343815	2258.309599879395	2242.24074218002	2225.741925613795	2238.5633073147	2246.87290574378	2261.432025953249	2274.0788626533854	2288.770002554008	2306.3738381618887	2326.821625928291	2346.2310384320263	2367.653489109302	2388.3633102289177	2406.483721242458	2420.2491669399683	2431.2935704693955	2438.2284137484303	2436.463247255866	2429.340342129243	2415.941264799358	2392.099382277266	2364.8985942028094	0.0	0.0	0.0	0.0	0.0	0.0	0.0	0.0	0.0	0.0	0.0	
0.0	0.0	0.0	0.0	0.0	0.0	0.0	0.0	0.0	0.0	0.0	2233.1148965997563	2206.8268362326316	2180.538775865507	2162.8992084993147	2153.407558693977	2143.8524253151645	2136.3118277571402	2130.936951234863	2129.8422361978783	2135.4995225136977	2141.5423602920273	2146.8629450053113	2156.6025810427236	2166.1671125875914	2177.0237713674073	2186.646562637949	2196.387411480369	2205.9503363978606	2208.7629875410544	2213.6261806137204	2216.4662444631344	2217.7653618970917	2219.064479331049	2217.4709124802225	2215.4653546416894	2235.4842023813153	2267.645850901243	2273.635246276256	2246.58925871509	2230.1774291739434	2237.913659518555	2246.2716298979976	2259.1602389427326	2268.358318747023	2282.6987718772334	2296.0647418497633	2311.1047307176555	2330.3228354595694	2351.0677793780833	2371.072539060061	2389.8474258768915	2407.5945961439734	2418.942910868858	2424.923371833938	2425.4256607651796	2422.843980686419	2412.640804140286	2389.1938383311676	2367.1748021839285	2345.1557660366893	0.0	0.0	0.0	0.0	0.0	0.0	0.0	0.0	0.0	0.0	
0.0	0.0	0.0	0.0	0.0	0.0	0.0	0.0	0.0	0.0	2267.3343688321356	2227.615356311634	2201.0562885206364	2174.497220729639	2155.0978994035886	2146.2017850235525	2136.739952831797	2126.9674984133308	2127.021205916233	2128.7960644269797	2132.1908943306075	2137.7047373060923	2143.108077240767	2150.141425829011	2161.1851510482584	2172.1243103826505	2181.0145487421164	2190.6070863542554	2200.170011271747	2209.821740454633	2214.6807079735772	2219.5854052962413	2223.9779070718005	2225.179487035063	2229.7728272083536	2227.7672693698205	2247.7861171094464	2272.317346098618	2262.0134275025393	2237.551843908885	2234.7983812109874	2240.163706968216	2245.2991144215293	2253.3569160443876	2262.637774840661	2276.065841567204	2288.45375735214	2303.524645243257	2317.456107254605	2333.848878309682	2353.7817678912043	2372.056373223153	2389.064858343055	2403.9104279483195	2413.8838417947068	2417.7471918874035	2413.888181363831	2406.193897727229	2393.8115068724796	2372.245771817874	2351.321129588943	2333.4137592330026	0.0	0.0	0.0	0.0	0.0	0.0	0.0	0.0	0.0	
0.0	0.0	0.0	0.0	0.0	0.0	0.0	0.0	0.0	2316.0526994456563	2276.699513428797	2235.928631513663	2196.2096189931617	2176.2632492157827	2157.6296302844553	2138.996011353128	2129.6274803484293	2127.0304363502983	2126.331809794445	2127.8268266804116	2131.1447225597085	2134.9925448872586	2141.0035985911036	2147.916706032088	2156.8229853534012	2167.224849397893	2176.103888723382	2185.032122695046	2194.8127821656844	2204.856541405393	2215.725354276864	2220.623421480651	2227.6101471499974	2231.2673704341637	2236.193795789599	2240.069184097952	2258.1956739090474	2259.2418115859678	2248.925465354678	2241.5541390468015	2242.6316385062	2247.825909927608	2252.1680768783235	2256.6734260005965	2259.789585301253	2268.4055743138433	2280.873671877742	2294.7189372115736	2307.641201873433	2323.023829171509	2337.5092866215236	2353.7527589848746	2370.535120542137	2385.9193484798448	2400.4101433537016	2410.0687230096264	2405.3721927861734	2398.7588133885033	2392.1454339908337	2379.372060283692	2361.464689927752	2343.5082435963072	2326.2006225497644	0.0	0.0	0.0	0.0	0.0	0.0	0.0	0.0	
0.0	0.0	0.0	0.0	0.0	0.0	0.0	0.0	2330.727793981983	2297.1038116457366	2262.2598985927943	2222.9067125759348	2195.216524850198	2173.993173976942	2156.0393749169953	2138.0855758570488	2130.327923825041	2128.3052574192343	2127.4239718691733	2127.1367372582345	2130.7686766357906	2134.94837621772	2139.3032354378306	2145.6919862351656	2154.5982655564785	2162.2219999015338	2170.621333427229	2179.518458301274	2189.523954414986	2199.5702115428226	2211.3075018702048	2221.6614376650605	2228.648163334407	2235.3883160731634	2241.685330465182	2247.141991434897	2249.167501531893	2249.301301936804	2249.9623708214217	2249.3690727044936	2250.37737467894	2254.692966388432	2259.0370393351186	2261.8824240642934	2262.6018114660956	2269.986066139063	2276.3940878960516	2284.77272082982	2297.826296492261	2312.7464552687757	2326.573938668793	2338.677001278368	2352.5435788894665	2368.7285582941986	2382.8805187254966	2394.923670249683	2398.901567920334	2392.468374974393	2386.5794220595963	2383.2466816246542	2370.6705200345864	2353.3785970537137	2344.528922933686	0.0	0.0	0.0	0.0	0.0	0.0	0.0	0.0	
0.0	0.0	0.0	0.0	0.0	0.0	0.0	0.0	2307.0631586720183	2274.1583693162147	2241.2535799604107	2215.4721895262683	2194.7209587717957	2173.4104598129898	2152.185834709633	2143.596214146717	2136.5881463174433	2129.5800784881694	2128.5161339439014	2131.3064109962543	2131.302011213669	2134.9118478811815	2139.259066768292	2144.630913881026	2150.4405178216016	2157.765065275529	2165.33363912836	2174.0047939075025	2184.010290021214	2194.3120822776323	2205.86941502835	2217.525524961718	2227.9189980703263	2234.59441349411	2244.3864347690483	2250.376396980507	2252.4019070775025	2255.20350717343	2258.69182186661	2258.0212594154486	2260.6131130452372	2263.566665962114	2265.188607660878	2264.531587496774	2265.414037630938	2271.779860657929	2277.1484060583944	2283.408026616994	2289.450831368623	2301.9812188346177	2315.6385907160625	2326.995725330056	2338.1406669005432	2351.537768108553	2364.4283112770054	2374.2040700812386	2383.979828885471	2387.271019566663	2383.9382791317207	2380.2807797174873	2376.735772241353	2368.3624067398787	2358.4463446956497	2348.557751350906	0.0	0.0	0.0	0.0	0.0	0.0	0.0	
0.0	0.0	0.0	0.0	0.0	0.0	0.0	2284.0510608392915	2265.3757140726684	2242.698991439701	2212.5335044477188	2198.7960279119216	2183.591905964212	2162.840675209739	2152.532601126151	2147.365548532342	2140.7011131974245	2134.0366778625066	2132.980740282426	2135.9198895739696	2136.3095216649003	2135.4417052645167	2140.990851825527	2147.3535247704567	2153.1631287110317	2158.9727326516067	2164.7823365921827	2170.125269434307	2180.251487392805	2190.9562310403953	2200.284434930006	2211.9385263944455	2224.0361127068627	2233.8005109150563	2243.590734438553	2253.6108025261165	2257.0943987989626	2263.936610515248	2267.4212729117985	2269.529625510263	2272.2043581110797	2274.46161767147	2274.2682963793095	2271.699191210306	2269.706192390831	2272.4917943968594	2277.902724220737	2283.7159652958835	2289.350684597935	2295.872101767779	2303.958597226426	2314.2020947566307	2325.5278499363158	2336.7229407849436	2346.2956532424146	2356.538545260574	2366.43815119986	2374.733059030515	2375.427317949652	2371.8896480502895	2371.6335122941305	2369.964150306169	2360.1469707311794	2362.5770892344785	2365.0072077377777	0.0	0.0	0.0	0.0	0.0	0.0	
0.0	0.0	0.0	0.0	0.0	0.0	2249.830409337502	2243.1471997556832	2223.959625840529	2204.7720519253753	2193.3111787736916	2179.7893961549157	2166.26761353614	2158.186576731432	2153.657179749188	2148.8629745179255	2143.6965046365076	2142.1500833898726	2141.341725770779	2140.533368151685	2141.3170321161324	2143.2604509045027	2144.2948012426627	2150.05213723435	2155.8857396004623	2161.408894424924	2166.2559520389814	2171.2702191173807	2177.496714542287	2187.6003798031584	2196.8677861557753	2206.351527827173	2218.758581139139	2231.4468735373684	2242.8830156156746	2253.271229246714	2261.7674538951424	2269.220560934207	2275.138686259405	2280.4699002402194	2283.27060855575	2283.5837707338737	2283.3479850977405	2281.042443755358	2279.463522645432	2279.7045656033292	2279.506356896047	2283.5338058856087	2289.250537827247	2294.1391168676955	2296.5759085301997	2301.4084641832055	2312.119683332054	2321.3600770586727	2330.600470785291	2339.9131903425478	2348.2080981732024	2356.762957769466	2365.313417149546	2365.9099464648866	2365.3819205824157	2364.954130973863	2369.17356798164	2370.962883142137	2372.7521983026327	0.0	0.0	0.0	0.0	0.0	0.0	
0.0	0.0	0.0	0.0	0.0	0.0	2196.535897375105	2195.656363416232	2189.213239092751	2174.6559525057874	2167.137547856345	2158.0110960527427	2146.097958867409	2148.3422247447124	2149.20578867953	2144.676391697286	2145.19691033815	2147.9168471448634	2147.4557594452344	2146.9946717456055	2149.430864510872	2151.424857943759	2152.58394349936	2153.3522249807434	2157.753021234237	2162.600078848295	2167.447136462353	2172.4151688004545	2178.6416642253603	2185.6102032599374	2196.0163706023695	2206.7849902418047	2216.142125336198	2228.830417734427	2241.6688392065325	2252.7012695302237	2261.197494178653	2267.4854304551345	2272.7817139319272	2277.4719463241263	2283.114145245564	2287.32742405007	2291.4896200073977	2290.7264570472894	2289.2208529000336	2289.322522486348	2288.876612084555	2287.4155644489565	2287.9477877687304	2291.4653244732763	2294.9828611778216	2298.5003978823675	2300.1661689376087	2309.9985102941428	2319.362541306755	2326.5523262793467	2334.672131310466	2343.2181906036144	2350.4576578670253	2356.243198920107	2355.8655524381857	2362.379054195572	2368.892555952958	2371.1901157447414	2389.9984505282964	2409.0602536793226	0.0	0.0	0.0	0.0	0.0	
0.0	0.0	0.0	0.0	0.0	2156.1735012859817	2157.422660633201	2155.643256889143	2153.8638531450847	2150.648324193229	2142.739067734705	2134.82981127618	2134.736847509175	2137.0040169602084	2139.2711864112425	2143.11390464569	2146.5043284696103	2149.7391640318024	2152.4615730348196	2154.6225370551124	2157.1059010190634	2159.589264983015	2160.889187339555	2163.720389224274	2165.79276966382	2168.83798257402	2172.026009617355	2175.3601145596854	2182.2692320656815	2190.0945049859492	2197.2782338275174	2207.8526169904835	2216.45327746321	2226.213961931486	2239.0522102353234	2251.9190824103057	2259.8278328618167	2264.5180652540157	2269.2082976462143	2274.120171829481	2280.7442070836278	2284.9574858881338	2289.0451659431205	2293.0785911061776	2298.513689555331	2298.7784429801427	2298.2468672730624	2296.792620476229	2294.8848220166474	2294.8686998775784	2298.386236582124	2301.9037732866695	2298.5168095355148	2299.8846547199714	2307.074439692564	2314.5392948025765	2321.7810501170966	2328.6882337926127	2336.025871779687	2343.3861762256047	2350.4176422744376	2356.574471982433	2362.7322444745987	2376.8676132406245	2395.0898044102587	2413.311995579893	0.0	0.0	0.0	0.0	0.0	
0.0	0.0	0.0	0.0	0.0	2126.384388279769	2128.88151412142	2130.2385447758124	2128.6881270918557	2127.4168249777404	2124.3401022586486	2119.653941865736	2122.5771358288425	2125.3365306890505	2127.910223443978	2136.596916873613	2144.2447837958875	2147.6352076198077	2154.336863614035	2162.1528738344	2164.6550459909467	2167.1698756873698	2171.486559822832	2174.3177617075507	2176.485101479769	2178.3565835898103	2181.953209536804	2185.7568979155676	2187.6012800804187	2194.578806711961	2201.7625355535292	2208.9462643950974	2217.662544275972	2226.3707887643304	2235.562013089816	2248.307188960519	2256.2544165761037	2260.9446489683028	2265.6348813605014	2271.7871972633784	2278.3742689216924	2282.5672867157855	2286.600711878843	2291.6286923627135	2301.933786219861	2306.387555472313	2307.6238997939818	2306.1799530302496	2304.1800948931905	2301.805734125495	2301.789611986426	2304.388566185386	2300.7996692173842	2296.631512673615	2299.959052131586	2307.1840549602643	2310.9847147930714	2315.6394293925327	2323.007549411672	2331.1163239566085	2339.2250985015444	2345.499465192053	2357.534981807627	2369.5704984232007	2387.149229055319	2421.0843206671007	2455.0194122788816	0.0	0.0	0.0	0.0	
0.0	0.0	0.0	0.0	0.0	2106.7045566905244	2108.790706349907	2110.8768560092894	2110.117589517584	2108.4473226123537	2106.777055707124	2109.247989607308	2111.9795652573303	2114.7111409073523	2120.954956753631	2129.5184459749025	2138.081935196174	2147.2851565943956	2155.824520106846	2164.3251371239994	2172.1452635929522	2176.2817659199036	2180.598450055366	2184.9151341908278	2187.3054885178162	2193.07907947166	2192.8376860853878	2196.0557395459405	2198.004227676114	2200.1961107809543	2206.6904046473337	2214.200151849435	2219.311735413877	2228.0199799022357	2234.270786778811	2244.1481076247514	2252.2221529301837	2257.3712326825894	2262.0614650747884	2269.4542226972753	2276.004330759756	2280.122832651508	2285.1020062840435	2292.2858147888132	2303.9993461563818	2311.2643317609454	2314.0414035369718	2315.567285584271	2313.475367769734	2311.101007002038	2308.7266462343428	2306.670940019315	2302.502783475545	2298.3309411302043	2294.256060786524	2297.850581673443	2302.0873502201857	2306.209148330991	2312.193354146326	2320.476854577052	2328.6736286079317	2337.3659501184875	2349.2028175691817	2361.1302758857546	2382.2044386718844	2415.582104718715	2449.3737838914153	0.0	0.0	0.0	0.0	
0.0	0.0	0.0	0.0	2094.5522432154194	2096.6308224798113	2098.710581562913	2099.8532216964018	2099.040527268994	2098.0522071862524	2097.880861034746	2101.5515422822555	2105.006489336065	2108.6278761809526	2116.4744984157205	2124.482264003442	2133.0457532247133	2145.016033511173	2156.419222787194	2164.9585862996446	2175.0637535117053	2185.3579773558145	2189.679126355494	2194.1156934881637	2202.446556824405	2208.2201477782496	2208.7000444127452	2206.928760672362	2209.7630532088706	2213.141884478973	2212.765141979492	2219.4715778390496	2224.3295969609467	2229.669171040141	2235.925647657302	2241.695549086853	2248.063071594416	2253.56176440411	2259.4248612577885	2267.121248131172	2273.63439259782	2278.575320205373	2284.9453733761006	2294.351374725334	2306.0649060929018	2316.1411080495777	2318.8754271091593	2320.957620198119	2320.9537737642677	2318.2901134896683	2315.0121081311822	2308.9465204751664	2304.126842263425	2300.05780691525	2296.895667661197	2296.056224891493	2300.1467495573356	2302.113523659923	2304.808323113805	2312.950639951712	2318.860911697418	2324.821951808217	2336.807465048383	2350.405138331641	2364.002811614899	2397.2734664683085	2435.22726984414	2473.181073219971	0.0	0.0	0.0	
0.0	0.0	0.0	0.0	2089.243951447286	2091.193110109313	2093.1422687713402	2092.4516599208423	2091.4889071388357	2090.526154356829	2091.7844094804864	2095.3480806948596	2098.911751909233	2104.265866700769	2112.1176225316085	2119.969378362448	2129.4797022594466	2141.644357820982	2153.809013382517	2166.216241728446	2177.383806119578	2188.4424443310163	2198.745891813453	2206.6994894123563	2215.0303527485976	2223.361216084839	2224.505256595704	2221.679775149936	2222.8067226871813	2226.059142504009	2225.8470152545474	2225.3341731780297	2229.1766292654393	2233.431602400525	2236.1158196166525	2241.688934493594	2246.9715667879755	2252.075981694293	2256.8415152879306	2264.685796620206	2272.0486341267033	2278.418687297431	2284.788740468158	2296.4169346618546	2308.130466029422	2319.8439973969903	2323.2417582888693	2324.174523594692	2325.107288900514	2324.0425127350018	2317.9769250789855	2311.9649517259513	2306.2244584041223	2303.1771642178005	2300.162292593621	2296.9416251179696	2297.0509139996866	2299.134900357638	2300.9663995488577	2304.4048436210464	2310.3970719486992	2316.154834601323	2325.7664050485873	2339.350992228958	2351.9874351207136	2377.558531646838	2415.353685795474	2452.6916667458636	0.0	0.0	0.0	
0.0	0.0	0.0	0.0	2085.915354140543	2091.329403302551	2093.2669080381847	2091.319256208466	2089.4227955788006	2088.664890821223	2090.415621924748	2092.390879780253	2096.1054266688616	2101.67301848816	2107.633252563085	2115.5280652217807	2125.6216386453048	2136.108703680901	2148.2733592424365	2162.976203324662	2177.366978021362	2188.5345424124935	2200.8716874881607	2213.566894531593	2222.58324188729	2231.533985778769	2239.1329872257943	2236.307505780026	2236.985059371501	2239.098934391635	2237.223460176524	2234.667987903078	2233.04142683748	2237.18830208206	2238.5083384126033	2241.347101242741	2246.6297335371223	2249.234878191859	2254.020759643199	2261.7117576591445	2269.3187084524775	2277.3535639533998	2286.3933527768236	2296.666629180717	2306.93990558461	2317.5443115041307	2326.4136743166227	2327.3396525765174	2327.9167684245367	2326.946236773048	2322.5154710591637	2316.793806192238	2312.889516982811	2309.350427190529	2306.078820577276	2300.4764134379648	2296.9493857272914	2298.686128772746	2297.810206659883	2298.4035391214993	2304.076735730703	2308.1397223066037	2314.2376701903836	2326.5843073006317	2334.950695643223	2350.73476916714	2387.9562942508637	2424.000653161321	0.0	0.0	0.0	
0.0	0.0	0.0	2079.0719604138662	2085.0458014151295	2090.4116474873454	2094.640242304072	2093.0762280381664	2091.0570375851316	2088.505170403542	2090.1768929865966	2091.896190811684	2094.702641305866	2100.229104306587	2105.7555673073084	2112.6834264059053	2122.7195926164777	2132.75575882705	2144.22255657819	2159.2244984403233	2174.2264403024565	2188.899476433473	2202.1650144356763	2215.293029807647	2227.996702879939	2235.737233516066	2243.3362349630916	2250.935236410117	2250.9319997479347	2249.6663003716567	2246.5721419518427	2243.9272053291434	2242.272193089183	2240.945001763595	2242.2777425964364	2243.042086819443	2244.2279021800678	2246.393774689425	2251.0739297696687	2258.4203459441296	2266.046501137331	2273.845982234675	2281.415748189019	2289.7087225632804	2300.313128482801	2311.731337387361	2323.149546291921	2330.132794394878	2329.162262743389	2328.056537048787	2326.9257399765193	2322.791927015361	2318.6581140542025	2314.9429410269254	2309.966357257186	2304.4060549436535	2298.6725801875714	2296.839708786034	2296.0461640489493	2294.2539187948796	2296.694163147494	2300.781888142351	2303.527131264543	2310.800032540368	2319.199209580713	2328.1738442839774	2362.859954144363	2398.973015170105	0.0	0.0	0.0	
0.0	0.0	0.0	2080.007462956488	2088.0388905920736	2094.272995779167	2097.6563436046595	2099.7115501374337	2098.4999020426258	2095.5880096956544	2092.291764460586	2093.5904701579693	2096.9196799583838	2100.735475812029	2106.26193881275	2113.7547650305487	2121.8628808678623	2131.8990470784347	2143.970380596127	2156.82539153773	2171.8273333998636	2186.422283069549	2200.707226446554	2213.9814198248805	2227.86124155294	2241.558594385396	2248.9736152351143	2256.23909922631	2260.993974901192	2259.728275524914	2256.82611156863	2253.268128779475	2252.090179731171	2251.400543167937	2249.2855973966894	2250.477227361196	2251.4257585940672	2251.716866498159	2252.1384650928435	2256.3844926502898	2262.543732528778	2269.9566504892196	2277.5531420427264	2284.7729203993267	2291.9205297073277	2302.974602591219	2313.120585394356	2319.369247031843	2319.7630669734917	2319.004365467806	2323.0139725913923	2322.6090236591845	2318.9993138093946	2318.334322316494	2315.3839543016816	2309.5985572312984	2302.9030106029436	2298.9580908108915	2296.8815401882975	2291.4211530721336	2290.8504781983743	2293.2614603774423	2292.8547503534965	2297.6451105580536	2306.7438751600976	2316.5783616226217	2344.5552282027006	2377.8419889873285	2409.3590127324123	0.0	0.0	
0.0	0.0	0.0	2079.5540778005206	2087.6028845156266	2095.6516912307325	2102.6032258502423	2104.621897752184	2106.640569654125	2102.3755123771703	2099.086667827066	2096.160360445954	2099.569020951908	2103.348094309905	2107.5392768229462	2115.356948559021	2123.2559734042625	2131.5084105903843	2144.03298935522	2156.5575681200553	2169.276690830662	2183.7399469775246	2198.203203124387	2212.6748942661056	2227.0829420775276	2241.4801994385443	2255.199021395906	2260.280499328408	2265.0353750032896	2269.790250678171	2267.2113415692693	2265.5192549455833	2263.4533700597435	2262.672846843213	2259.902296772183	2257.912367902949	2258.8560901284577	2255.8299152530003	2256.329527213336	2260.31804317677	2262.995509274585	2266.0673187437646	2273.1783108016125	2279.1392152387766	2285.1001196759407	2292.2364888313423	2298.4851504688295	2304.7338121063162	2310.647714844363	2314.4450369310102	2318.2423590176572	2321.9388997458404	2321.0875376210556	2320.2361754962712	2319.3028326053527	2312.514308549955	2305.725784494558	2300.5378948622156	2295.121073187889	2289.7042515135627	2285.323685719029	2284.977921972877	2284.6321582267246	2287.1241099283316	2296.99399536879	2306.863880809248	2326.320546146662	2357.8803425335204	2389.440138920379	0.0	0.0	
0.0	0.0	0.0	2075.067869736574	2081.9532958365608	2090.1686931084996	2106.96586802659	2117.1940884300684	2117.5951512939623	2109.749438086491	2104.612773037173	2102.7503642366323	2104.2597942646053	2107.4370798531945	2112.2585021184696	2118.5536802639467	2126.232690902059	2134.5853473549328	2143.3770967866317	2155.7998659013247	2168.272301023606	2180.820229448875	2195.283485595738	2210.006732532804	2224.8835177165683	2239.343066179477	2252.9508928112914	2264.795757928716	2269.500876837935	2274.256475809312	2279.896630431971	2278.204543808285	2276.1731136159224	2274.0051584543266	2271.2023524607603	2268.0699281086	2263.987892206666	2259.942964007841	2260.2784154685187	2263.7901492642945	2266.347695825836	2267.627392776442	2268.9689107718186	2275.1121213201636	2280.4487711913134	2282.5445431219296	2288.311707551803	2294.212649353948	2297.7141473489664	2301.4303201864395	2305.592191167454	2310.9583860898206	2311.829012271523	2311.565207218265	2312.5703402870568	2307.488079310207	2303.539202823503	2303.410386693088	2298.6548709998524	2293.1284279926067	2287.5138622092413	2287.1255905957546	2285.4848084334612	2284.787672432834	2294.6575578732923	2303.9483994846446	2319.177974168829	2350.7298022879336	2377.5001010850538	0.0	0.0	
0.0	0.0	2064.832632857108	2071.279460431867	2077.6951995663717	2086.1605475404895	2102.956014392471	2119.751481244453	2128.0027297695833	2120.1657364909697	2112.328743212357	2109.3997978063912	2110.9047275762573	2112.4096573461234	2117.0020359667346	2123.2936897455775	2129.585343524421	2137.8287009093015	2146.616657226472	2155.404613543643	2167.4833427700205	2179.915822441861	2192.3637680670886	2207.2781060927477	2222.2027240848265	2237.092141167031	2249.679841255015	2262.2302860997816	2274.1363389067683	2279.609523425669	2285.249678048328	2290.8898326709864	2288.8904421650036	2286.648702320345	2283.269218530397	2280.147335832916	2276.0652999309814	2271.4620580992337	2268.0959047245983	2267.262255351819	2269.1241056414688	2268.9887404968817	2268.853375352295	2270.816899550789	2272.912671481405	2275.0084434120213	2277.818961755014	2281.320459750032	2284.8219577450504	2288.857393874611	2294.2235887969773	2299.589783719344	2303.2531366653666	2304.212012870376	2305.1708890753857	2305.6517629303976	2305.4794681247613	2305.3071733191255	2301.9494094802817	2296.325319676468	2290.7012298726554	2287.909662760326	2285.706670264926	2283.503677769526	2291.977897500192	2301.17128406846	2311.851846690405	2338.6347796156147	2365.417712540824	0.0	0.0	
0.0	0.0	2059.477648770974	2067.333291516245	2074.044913395365	2083.6718700196075	2100.6416556846275	2117.4418732875265	2126.10123288703	2124.758537632302	2116.9215443536887	2116.565665451448	2119.571350468731	2121.0762802385975	2124.2522666536415	2129.1439656254856	2135.435619404329	2142.5032192493163	2150.6896348805594	2159.7099893570594	2170.728712352569	2182.843439163479	2195.1647811300872	2207.195020849315	2221.8577043582472	2236.141839325664	2248.9884850409103	2261.4599176384754	2273.925523512297	2285.9433493941087	2291.4931011954827	2297.019471996673	2301.4997171278965	2299.2579772832382	2295.9284977566485	2292.2247435572312	2288.1476322278068	2283.5694591514866	2280.3180417342996	2277.323894156025	2274.005908934063	2274.2557901642645	2273.235190293559	2267.885939360009	2270.1305593632724	2271.6125119010158	2271.026838422004	2274.5802894381113	2277.2557330904124	2278.6567756222066	2284.0319315348224	2286.2906999619768	2285.749834370774	2286.7087105757832	2290.4260920094453	2293.9076986388022	2293.735403833166	2299.6803366358154	2300.870498172836	2295.246408369023	2294.385663843601	2292.7179067529496	2290.810722853438	2290.7101898689048	2298.1448983420833	2306.392105538235	2312.595666080727	2339.068859511463	2366.187652891725	0.0	0.0	
0.0	0.0	2054.1226646848404	2061.9783074301113	2069.833950175382	2081.157103911326	2098.1268895763455	2115.0966752413656	2121.7834472706654	2121.5734947937895	2121.363542316913	2122.676926869786	2126.388223592612	2129.742903131071	2133.2244560121085	2136.7909842153067	2141.394162205934	2148.490187352086	2155.586212498238	2164.226565221125	2175.245288216634	2186.2640112121435	2198.0507801851804	2210.0810199044076	2222.1112596236353	2235.298318576587	2248.1525229916565	2261.0067274067264	2273.4785093298356	2285.92968467003	2298.0947409206697	2302.9067619836846	2307.387007114908	2311.867252246132	2308.6173545759466	2304.301227178941	2300.049082891591	2295.6768602037396	2291.878657646273	2287.258717685891	2282.638777725509	2279.5477555738116	2274.1865119082413	2268.825268242671	2267.004075863023	2266.4184023840116	2265.832728905	2266.9884656452914	2268.1004183800715	2269.2123711148515	2270.034715970742	2269.153340227822	2268.271964484902	2272.5254396449363	2277.762739076849	2282.163634347207	2289.2178607557876	2296.664156018591	2300.4184841012043	2299.708068102171	2298.9976521031385	2298.1757798431336	2298.0752468586	2297.9747138740668	2302.8367794484516	2309.0403399909437	2315.243900533436	2339.9636506505353	2367.4254996163613	0.0	0.0	
0.0	0.0	2052.598564216942	2060.4531015785215	2067.693240504291	2075.976442334166	2089.5221871580843	2106.4919728231043	2118.1514863826387	2121.80635669187	2121.595090842878	2127.1815628848058	2131.618237182392	2135.4343470971326	2143.599274829555	2147.4128915076226	2151.3494218673563	2156.9265062861264	2164.0211185734834	2170.5950906483527	2178.010135904278	2189.0308794526827	2200.2407643880397	2211.9298741235652	2223.9625067182587	2235.2153993250367	2247.4380885348237	2260.2917341722414	2275.268932778572	2288.1865894105367	2300.601704052564	2309.929823187215	2314.5534614913818	2318.9401196380986	2319.7896869315	2315.2833778137474	2311.031233526397	2307.1992196744955	2303.5166324278744	2299.0281348290837	2292.8169555608365	2284.5227134839342	2279.2156444118573	2273.1970768847787	2268.911115132945	2268.3562753656915	2265.529515614587	2264.2916357551917	2265.4185138260614	2264.317048551209	2263.2249703811303	2262.3555169293127	2257.180162156391	2261.360074502516	2266.4218379058234	2270.8045627673455	2278.246265119356	2286.679369672954	2294.075359586912	2293.36178150897	2297.4423921509606	2301.954127396513	2301.852588052689	2304.7376121899133	2310.1684031066175	2316.3719636491096	2322.7957414553207	2346.695246255988	2374.1109631361196	0.0	0.0	
0.0	0.0	2056.042646399818	2059.0122701038367	2064.6156784437526	2073.1085328631193	2084.5530446528683	2096.779552736905	2108.116786491776	2116.8914571239416	2122.6581907822087	2128.547579602784	2135.266616910999	2140.7224280196715	2148.8873557520933	2157.052283484515	2162.3763809733305	2167.7220256688897	2173.0676703644494	2179.4005896512176	2185.159357118142	2191.463760142985	2202.699994261446	2214.0547032496693	2225.608398063175	2236.756529623326	2247.7262045920424	2259.6400667867065	2274.897449966591	2290.1548331464755	2302.935729784574	2312.221410734457	2321.50709168434	2325.453540809927	2325.8595346292404	2326.2655284485536	2322.293384916876	2319.1495170623166	2316.005649207756	2309.262490376177	2299.6710522687163	2290.524049379011	2284.2671537345377	2277.4333402982993	2272.321666777318	2268.828795295138	2264.6337634606352	2262.87137647309	2261.210685735497	2259.5379303769078	2257.5627009878235	2252.2744443562756	2246.986187724728	2250.051102780846	2254.1648645619657	2258.361432747804	2267.4478067582927	2277.778692537051	2285.7196622415645	2291.8888597129435	2300.215475708694	2305.0955973880714	2308.9562172927835	2313.005818505443	2318.387684374872	2324.8335299066484	2331.2793754384247	2354.2611035952914	2381.2449000041224	2408.228696412954	0.0	
0.0	0.0	2059.55325746502	2059.0738149552294	2064.600692039987	2073.0329121770988	2084.4774239668477	2091.8807735363157	2098.900373428135	2107.675044060301	2117.8107187822925	2125.062168031432	2131.781205339647	2143.19085433189	2151.3557820643123	2159.5832037340892	2167.6786212871802	2173.0242659827395	2179.183987499206	2186.4401309077884	2192.1988983747124	2198.768796579005	2208.68529611876	2220.040005106983	2229.1383874381468	2239.4918492106985	2250.4615241794154	2259.8373166837287	2274.951042728084	2290.203485831396	2301.7208932105996	2311.0065741604826	2320.257666294025	2327.7460236703337	2328.152017489647	2329.2370763162653	2330.9560680357426	2327.8122001811826	2324.54346977503	2319.5646368133525	2309.9731987058913	2300.4349546392714	2291.871950231757	2285.0381367955188	2277.5309102321166	2270.7703942044427	2266.5753623699397	2261.333776845678	2258.0178723037625	2256.3451169451737	2251.7741430220317	2246.365451993069	2241.0771953615213	2241.819333464867	2245.933095245987	2250.2660270968054	2259.9063274106884	2270.2372131894463	2280.3855576815813	2289.433451802331	2297.7600677980813	2306.6700518110883	2312.999315643665	2317.0489168563245	2324.5805911996777	2331.7174773487654	2338.1633228805417	2356.9793677195544	2383.868589722415	2410.8523861312465	0.0	
0.0	0.0	2063.825027224203	2065.0838149067117	2066.3426025892204	2074.496774875423	2079.9695745040717	2083.3284888946237	2090.1351096084027	2100.733064015923	2111.4747255012553	2119.5433583218737	2131.843069618966	2144.1047095533763	2152.521627119728	2161.5246292455645	2169.8246302299112	2176.659757458979	2185.0754281209083	2192.5060398443597	2199.453081858711	2206.9986728879576	2216.6146408918135	2225.009360301574	2232.8413430030205	2242.871588753521	2251.907503193134	2260.943417632747	2274.7013341936445	2286.546082172439	2298.390830151233	2307.801220302719	2316.8762365280027	2325.951252753287	2329.0409761800256	2331.7949443122207	2333.513936031697	2334.6623101993246	2330.9064487386777	2326.5867051697965	2322.176371747159	2312.703768110504	2303.4421151214347	2294.500119676818	2286.709333559195	2277.7192435127963	2270.0812890238744	2264.627299156192	2258.2771073276153	2254.0268870474874	2249.1129779564853	2243.093655430657	2237.530658748586	2238.6750404002178	2240.3905163002355	2244.552072025404	2254.003629149118	2263.4551862728313	2273.554400028814	2283.0939037453795	2292.422015447585	2301.392484305826	2311.102907153621	2318.76257007835	2326.5175279340956	2336.2449098904417	2344.16530894989	2363.5329608540424	2385.3470588789246	0.0	0.0	
0.0	0.0	2071.885813623966	2073.145733655913	2074.4056536878597	2073.630039487959	2076.988953878512	2079.7361179429445	2085.2820149607255	2096.0245721301353	2105.7091716182517	2116.7441104437785	2129.041894549509	2143.052740965131	2152.6209998770096	2161.621985064857	2172.463429546419	2180.877277357207	2189.2911251679943	2198.5490503271067	2206.091200060751	2213.6338273517026	2221.77853480099	2229.6143608266566	2237.509200283695	2246.1652274192206	2255.218263977731	2263.570064904953	2273.1826262382206	2285.0757668539973	2295.3024183680222	2303.2506178874432	2312.2149542754705	2321.343303302019	2328.5053753088196	2334.352812308175	2335.6312275711825	2335.060763936048	2335.3667759071864	2331.2020428206843	2327.0373097341826	2322.9257130858973	2313.9474098944866	2304.725028734867	2295.1362500103005	2286.1519643738065	2277.1676787373126	2267.921036906566	2261.570844162841	2255.2206514191157	2247.587973816291	2241.566198740309	2235.7569812815823	2235.889184856186	2237.6043334757096	2240.05271682728	2247.9205796700176	2257.372540615829	2266.292337505579	2275.518378568581	2285.058290933753	2296.3847110110028	2306.184237174105	2315.8944624736987	2325.6007139643425	2335.3280959206886	2345.0554778770343	2361.9711565613798	2383.789731304637	0.0	0.0	
0.0	0.0	2082.5305198246842	2083.112267566389	2079.418797886293	2077.651668448919	2079.6042863900566	2078.4720429063805	2082.6156393445253	2091.740554461527	2099.1573752092945	2109.550526465262	2124.1070245071915	2139.8544550774477	2150.4226601671044	2162.0590345858227	2174.2833338279197	2183.019113180957	2193.161220039751	2203.23009054599	2210.8626530988204	2219.206576965984	2227.4732931425397	2235.4034886685513	2243.640831070232	2252.0495410152566	2260.2500026731145	2266.6852099598655	2274.0362579570706	2284.157364813347	2291.1030995971587	2298.0488343809693	2306.831374618803	2316.362810560029	2323.3420245906564	2329.559613208113	2333.6677885300096	2333.4695644265057	2333.7041692663606	2334.5312452006274	2330.3973859795956	2326.2996935951146	2322.202001210633	2313.267250347464	2303.50312947532	2293.7390086031755	2284.646743673983	2274.657201550392	2264.8648407491523	2258.203984658247	2249.590451093182	2241.434226021229	2236.5924338145537	2235.435646846084	2235.1909202280835	2238.2508158250166	2243.5644350131543	2250.8297406885276	2259.53824145374	2267.564627908259	2276.551265344513	2288.306388098201	2301.106697134177	2311.426249948049	2321.126759037008	2330.825484833893	2340.639861808509	2355.8248320761695	2372.0201161273126	0.0	0.0	
0.0	0.0	0.0	2090.508501074159	2086.8251502545795	2082.866579730737	2081.7473460687997	2080.628112406863	2080.0419709941775	2087.4716521586533	2094.901333323129	2105.0444565087573	2120.790915340093	2136.537374171429	2149.8738242818995	2162.081186290328	2174.488944678884	2185.879978575588	2196.0523374976824	2206.3700875993113	2215.1717880713163	2223.4833872288673	2232.830152464977	2241.5514148953507	2249.789445010986	2257.5321520626208	2264.094253632694	2270.5832044157974	2276.1494684177255	2282.108374602012	2289.363202503444	2296.1611826546964	2302.8071450456728	2311.38231781804	2318.379473909904	2324.991073860625	2329.099249182521	2331.827201713457	2332.041562625536	2331.283226593196	2331.404262092809	2327.5796651287674	2323.7550681647263	2319.4369775543755	2310.220574877295	2300.573149163299	2291.293158252994	2281.4170109361676	2271.4477100249615	2262.184522619694	2253.547489649285	2244.903642732301	2238.0948497265395	2236.927515064519	2235.760180402499	2237.224649965508	2242.5294166272056	2247.8341832889028	2253.8273949170007	2261.845227391902	2269.8630598668024	2280.27327432462	2293.0733296959097	2305.8733850671997	2314.984673879365	2324.689768729222	2333.928899265212	2347.4580145397367	2362.660154340024	0.0	0.0	
0.0	0.0	0.0	2105.716388613134	2100.8239451162044	2095.178460539054	2093.9094070669157	2088.0596335041946	2082.3617187111513	2089.7913998756267	2094.3934788735123	2101.3977670945715	2117.097461944209	2131.9706449083415	2145.9325753866606	2158.531599073265	2172.951263029122	2185.5668446108853	2195.932033913177	2206.788179267139	2216.453432484549	2225.964036953596	2237.603417087431	2247.733481923991	2255.4400968720656	2262.349321370062	2269.135995544871	2274.682997887279	2278.7022689345768	2282.7215399818742	2288.976053498339	2294.6512582844894	2301.4034514857667	2308.1033604554254	2314.231710331076	2320.5666974352903	2324.235173329181	2326.5984394590146	2327.6503328036215	2326.177995272394	2326.1152015845364	2327.181807745398	2323.030107744636	2318.4900311593647	2313.9499545740928	2304.773385410054	2295.9172055822633	2287.0629160491976	2277.217053903953	2268.6319919716243	2260.299927112537	2251.678244351043	2245.5927182873297	2240.0956732975937	2238.9283386355737	2240.843740978594	2243.5684956487657	2248.8732623104634	2253.578153080797	2259.038317712579	2267.066082843619	2275.2611006385814	2285.169993139011	2297.0562616505654	2304.8578496533	2313.6473355545304	2322.294941449152	2328.719101732824	2341.050841841205	0.0	0.0	
0.0	0.0	0.0	2119.9662352309265	2114.33823397836	2108.710232725794	2101.2381643208614	2094.0066718055446	2086.7721933455723	2089.989363695893	2094.386342518704	2098.2033066016775	2113.113377363618	2128.0234481255584	2142.469944075427	2156.8815488758773	2171.293153676328	2184.749805889507	2195.5378487165417	2206.3258915435767	2217.8270905163217	2229.318676623301	2240.8102627302806	2252.33728816919	2259.233989861683	2266.0096982951695	2273.363001294785	2279.1176026678627	2283.4575175768064	2287.0609786714595	2288.719242608635	2293.141333914282	2299.595364569957	2304.9136492795355	2311.052905943935	2316.930636860879	2318.550071968004	2320.1976734178834	2321.337223363731	2321.0727639515917	2320.826141076264	2319.9675633007027	2319.059539129663	2314.918377467962	2310.7772158062603	2308.21167243105	2300.104465113361	2291.3023302454335	2283.694890923264	2275.7544378625535	2267.3569013639526	2259.4976633490664	2253.927022590914	2248.3587813029335	2243.0638729512743	2245.08667350069	2247.4822667160006	2249.4700077873295	2254.158581636462	2258.847155485594	2264.487150861869	2272.673834278773	2280.860517695677	2288.083764457498	2295.8883683039753	2303.6929721504516	2309.8286617179565	2316.279346763291	2322.7300318086263	0.0	0.0	
0.0	0.0	0.0	2139.5689314573483	2133.9409302047825	2123.1456255088847	2114.2007861430084	2106.95756671646	2099.6250027283613	2099.5353998299806	2103.0428363551737	2103.518791313266	2113.8950939157585	2128.058211782872	2140.6422375671045	2154.541512707653	2168.046475613349	2180.153304119322	2191.333481369167	2203.033671359667	2215.913173218079	2227.953654747189	2239.481970435967	2251.0571703442497	2260.8947024645636	2268.252591430978	2276.519758178063	2284.7869249251476	2289.102134074118	2290.8956438230616	2292.536596765939	2294.125149688732	2296.4167505794517	2301.723938103646	2307.5315789529445	2313.0168421847943	2314.6362772919197	2314.124350415048	2314.9637082802	2314.5064162167023	2312.6325950269043	2310.4675058923713	2309.393633630084	2309.2086579927527	2306.208861361817	2304.49383244937	2302.778803536923	2294.693387798872	2289.4141365769174	2284.411649193927	2276.523585351371	2270.0491523706874	2264.4603171200033	2258.88905024005	2254.2494327464005	2250.2643656194514	2251.995335901661	2252.9120272794876	2252.710985663378	2257.2435191778004	2263.8194309600926	2271.659347481542	2279.846030898446	2283.5716076033414	2286.2009582058226	2294.005562052299	2294.19409750863	2294.5949156190864	2301.045600664421	0.0	0.0	
0.0	0.0	0.0	2158.7060197420237	2147.8675822440664	2137.02914474611	2127.1429400873476	2119.8103760992485	2112.4778121111494	2107.900278562539	2108.376233520631	2108.8644791970446	2113.893791961896	2126.5941982904264	2139.2946046189563	2151.572559074708	2163.8140984139404	2176.055637753173	2187.984483389789	2200.833986246597	2213.6834891034046	2225.931225347085	2237.352549756903	2248.7738741667213	2259.6187921208684	2268.064734582186	2275.709637766468	2283.753566995508	2291.4635021979907	2294.730308974664	2296.355610646361	2297.950832577688	2300.264941943017	2302.453281268992	2306.506493092611	2311.0555790416915	2311.0576507633277	2310.6868558701653	2307.083087124045	2305.824297476628	2303.9302198599344	2300.9674484840393	2299.727728130504	2299.1924722968147	2301.5996164311478	2300.0103908577203	2298.4211652842932	2297.9181122868545	2293.6592401976195	2288.893365027245	2285.261638059779	2280.6549392268107	2275.0566164562183	2269.4931927393955	2265.5523198267856	2261.541494408441	2257.5306689900954	2256.758528356716	2256.457182271975	2256.155836187234	2263.202273703524	2271.0191322617834	2278.8359908200423	2280.6847995763155	2282.2301228608653	2284.1234343484666	2281.962315956919	2279.8011975653712	0.0	0.0	0.0	
0.0	0.0	0.0	0.0	2169.7782709255926	2158.5895575466106	2146.3009573559193	2138.7260300344874	2131.260897482163	2123.4613345334346	2123.79124624089	2123.000068106261	2120.3431753157856	2132.359944333749	2143.5886540444203	2153.1602497310073	2165.0877605814653	2176.132379833254	2185.9055333912615	2197.8896289185054	2210.133967850241	2221.6747392626303	2233.16733667782	2244.0092347944865	2253.9639248010644	2263.9186148076433	2272.426028260871	2281.4506268987316	2288.974986145324	2296.175064968249	2300.1812935353173	2301.7765154666445	2303.9371271215377	2305.648305713955	2309.711686818593	2311.1792894671244	2309.252958642822	2307.8462734730783	2304.2674752309576	2297.142178736554	2295.3013680990343	2292.2582785629525	2289.5782719106014	2288.7819967141377	2290.737044583411	2294.9098274507087	2294.157197818458	2294.2757494427865	2294.3943010671155	2290.1454861366888	2289.9967623455577	2290.4426802492617	2285.891170627726	2281.425309585546	2277.811940588245	2273.8788921430496	2270.272741132637	2267.2566189631434	2266.463474321706	2266.063907913068	2265.4682498499924	2272.1194709282313	2277.1037370567933	2276.123092243366	2277.511602662085	2276.319938866761	2270.0557420880823	2267.8923427986065	0.0	0.0	0.0	
0.0	0.0	0.0	0.0	2191.7086889290713	2179.4200887383795	2167.1314885476886	2157.67583954595	2149.8762765972215	2142.076713648493	2137.7844240295317	2135.1275312390567	2132.4706384485808	2136.55383051424	2146.2591674799764	2156.048356795865	2165.471934418345	2175.425706520138	2185.379478621932	2194.378594315535	2205.933907225857	2217.4892201361795	2228.151381716168	2237.811214085162	2247.6603613705347	2257.9253211578607	2269.396647179794	2279.147686801954	2286.6981984386184	2294.806968350206	2299.4978594522568	2304.20285429989	2307.1321515665	2308.8433301589166	2310.534032376241	2310.5665560383277	2308.6402252140247	2305.633911563333	2301.451863337871	2294.1832574058676	2287.6161974550087	2285.6615799734923	2282.718450957591	2278.371521131461	2279.8744727356734	2285.766873368198	2292.269146636545	2292.131858659753	2291.9945706829612	2293.228721297837	2293.9741766854468	2294.5663920845486	2295.461980563263	2293.0405946926594	2289.5132761121695	2285.985957531678	2283.0945446259666	2280.067990565931	2277.0484736014746	2275.9482820703556	2275.35262400728	2274.7569659442047	2274.988445575127	2274.0078007617	2273.0271559482726	2268.8921112974617	2262.547685973441	2256.2032606494195	0.0	0.0	0.0	
0.0	0.0	0.0	0.0	2212.65755859806	2200.3707457831347	2189.0442670351536	2179.359686655672	2171.617676222868	2163.1311509298384	2154.894989038701	2152.3545620316054	2149.4152112523707	2146.421418082591	2156.2106073984796	2163.828297259563	2169.4252889492113	2178.516293721841	2186.8079186476098	2193.2746049615544	2201.9061639233746	2212.565227716616	2221.8699985550747	2231.1747693935336	2241.3173031927868	2252.604187753766	2264.1033396454795	2275.677929894905	2285.3301018205743	2293.438871732162	2298.194952404074	2303.8596600075516	2306.7804747933014	2311.040459188962	2311.822837948209	2311.518087513883	2307.754301410408	2304.692542135894	2299.4364971089326	2292.260209772777	2285.2990603185926	2279.0697362192814	2276.2446404640996	2271.499595639399	2271.244521877162	2278.4146269520907	2285.0142933044012	2291.165642270919	2292.1352433813418	2294.150995121534	2296.166746861726	2296.914161693714	2299.206447835201	2301.7668398868555	2299.3806311341123	2297.0022857224017	2295.833084233834	2293.231441946938	2290.053456741758	2286.4573128814295	2285.1539201604955	2284.0060636192197	2279.506031854165	2277.686816348806	2275.881061162179	2266.20024263082	2259.243212191607	0.0	0.0	0.0	0.0	
0.0	0.0	0.0	0.0	0.0	2222.394482044585	2212.206919805178	2202.019357565771	2192.9740024264293	2183.7534382111653	2174.5328739959004	2169.4819563164715	2166.182502337916	2162.891993192046	2164.158988214246	2170.0060080715484	2175.8530279288516	2180.966136453895	2187.7963527716565	2194.6265690894174	2200.3509178547724	2207.998073196765	2217.6430634140634	2227.2364897943885	2236.5904638676875	2247.2830543496707	2258.8067094085236	2270.366559255254	2280.964935164074	2291.3537600091713	2297.851758111735	2303.5164657152127	2307.5801538912074	2313.862586740953	2314.6322550645327	2312.468705467826	2307.9528768570017	2303.5172298615603	2298.270505754513	2290.378179734466	2283.371609783084	2276.6259080447944	2271.678323505162	2270.6505468699597	2270.0543786588005	2271.0623805359833	2277.7594399722575	2284.098338168809	2286.8702713566026	2289.802735668329	2292.735199980055	2298.3366977720543	2301.6461114882804	2304.491650793875	2307.650123012079	2307.912651666813	2306.8849714433445	2305.8572912198765	2302.9202968378727	2299.324152977544	2295.7280091172156	2292.001396312788	2287.501364547733	2283.0013327826778	2276.7921608527386	2267.1113423213797	2257.430523790021	0.0	0.0	0.0	0.0	
0.0	0.0	0.0	0.0	0.0	2243.634626465085	2233.395422708671	2224.2938310393442	2215.790092079339	2206.639869788042	2198.4452302311547	2191.5747866411903	2188.480155373166	2183.4324323323235	2176.733171937948	2180.868474608318	2185.26188801656	2188.121877875152	2192.715172271492	2198.4376131848144	2202.4985822768863	2206.5595513689586	2214.7485911441895	2224.2152912664524	2233.551315983801	2242.8270955859934	2253.4953387688724	2265.0429773113824	2275.4712492946755	2285.053099153512	2293.1853250024733	2301.357945417032	2309.7934676646464	2316.6847142929428	2315.955774242858	2313.411278523529	2308.8954499127044	2303.292758708103	2297.104514400093	2290.078652952174	2283.8757478563234	2279.4652544966184	2274.8515722318234	2270.243389120619	2269.577944122072	2269.858079846353	2270.736960646577	2277.208291885372	2280.5283340029764	2281.4601256956175	2286.6232017148886	2293.6809732581883	2300.738744801487	2304.051060503409	2309.2943593580117	2314.9520665990312	2315.2442573824474	2315.541782721173	2317.62750541279	2315.3775310205583	2311.6024495887973	2307.4989679203877	2302.9400228188633	2298.206646848388	2286.6952540890115	2276.3228670451813	2266.4232636135885	0.0	0.0	0.0	0.0	
0.0	0.0	0.0	0.0	0.0	0.0	2255.270099132073	2247.051155456166	2238.8322117802586	2230.848038008308	2223.385724858499	2215.9234117086917	2209.07420979779	2202.68177709256	2196.28934438733	2191.4423919185856	2194.768005948367	2198.0936199781477	2200.438139796973	2203.710517641732	2208.3996725031857	2213.671573849401	2215.2556020184447	2221.1940927385167	2230.5027272155417	2239.735668935835	2249.7559445770266	2259.573193222279	2269.206983395572	2278.752438297853	2286.917996227221	2295.2007325221693	2303.637426971881	2310.7161815053787	2310.151149475667	2309.3468280712214	2310.5996786599826	2305.087111273383	2300.7173827588185	2295.2252976204527	2288.9875968108126	2283.1758274526346	2278.581854185084	2273.35279275291	2269.4125041191974	2270.6477133924727	2270.9978869887054	2270.318245601935	2274.1863966493497	2277.8292728623887	2282.5257233996936	2289.49999780116	2296.4742722026263	2304.768301171869	2310.8202660668253	2316.5058720912452	2322.4014209413253	2325.766500099786	2327.9107335359276	2330.0549669720704	2327.587015443848	2323.483533775438	2319.3800521070284	2311.494039541529	2299.868247078165	2288.2424546148013	0.0	0.0	0.0	0.0	0.0	
0.0	0.0	0.0	0.0	0.0	0.0	2275.6311030464703	2267.3131277312286	2261.8109126123763	2257.357053072549	2249.9682955589315	2242.06258537726	2233.7492612127176	2227.1816926293254	2220.004222196162	2212.022444200331	2208.994156997681	2211.3369871363557	2212.2142546292616	2213.0915221221676	2217.3029576078225	2224.0070503064835	2224.735260303043	2222.7475528505984	2227.4113005653835	2236.6710654289973	2246.35562097434	2253.593966579487	2263.097237558309	2272.293256567115	2280.760783332358	2289.0435196273065	2296.3716929025522	2302.332294702079	2301.7597294217003	2306.36585677103	2308.453242174823	2307.1719679588414	2302.799772478912	2299.8312631248473	2294.1307546774033	2288.217144838328	2283.1654763921633	2280.131683784122	2276.4968997484184	2271.600403509348	2272.1214584614236	2270.5681414998016	2271.0884014521803	2276.501232163018	2281.304832013831	2285.664758846711	2293.772125928456	2302.743346198423	2311.7145664683894	2317.768798868001	2325.593373970991	2333.7920505697693	2337.1757779104555	2340.881147992606	2347.129451726889	2345.6163786084535	2341.112148184965	2334.8268674397	2324.525056616768	2312.4382205901616	0.0	0.0	0.0	0.0	0.0	
0.0	0.0	0.0	0.0	0.0	0.0	0.0	2289.878771600849	2286.278153322756	2282.6775350446624	2276.159061271003	2268.057135795607	2259.9742623415837	2251.5011266168976	2243.782189148402	2236.0632516799064	2228.3245679838114	2226.19814586742	2227.6942181856302	2228.789813740913	2229.512794893193	2234.3425267635657	2233.9339088805973	2230.653789908013	2231.7638315255526	2233.298331237413	2240.292289472211	2247.614739936695	2256.6369927853493	2263.175521379214	2272.4629818790486	2280.441074390095	2287.223291607513	2293.948407898779	2298.640519395896	2303.384885470839	2305.472270874632	2306.0947728402593	2304.8238696387693	2301.590050127828	2299.3618754539393	2294.2231231216183	2289.530623685476	2288.31447286551	2284.784700718158	2278.617823151749	2273.5953251163282	2273.654730229009	2273.9235777632293	2275.1731914636475	2280.083940627968	2286.1284667463024	2291.0697519153473	2300.142135753823	2309.214519592299	2318.882801115115	2327.5506159851448	2336.055710589487	2345.096709986082	2353.2846140113925	2359.289242995929	2365.3844912089135	2362.6966989456746	2356.4114182004096	2350.126137455145	0.0	0.0	0.0	0.0	0.0	0.0	
0.0	0.0	0.0	0.0	0.0	0.0	0.0	2316.327416246114	2312.8353932701043	2309.2293903247096	2305.538133016457	2297.709090795738	2288.7698862614216	2278.9706361100225	2270.074276468338	2262.3355758148678	2254.5675128287694	2246.7994498426715	2245.048481077673	2245.1598418555404	2245.989015479112	2246.616559479194	2241.840145938011	2238.7647093326996	2239.486590508651	2236.6370964361404	2238.2355626089916	2241.251288522402	2247.4741063238066	2254.0577861913134	2262.2682348000862	2267.925447973304	2274.707665190722	2282.852239912895	2288.6610335061628	2294.9306654033035	2301.627399282214	2302.2919997048657	2303.4964283587765	2302.3382481310223	2300.094169685058	2300.3775949247024	2295.6560623281703	2294.7421701391136	2293.0573843256952	2286.4150711614648	2280.196640711719	2277.050892268965	2277.273968983349	2278.0051446042385	2280.8251637633143	2287.8764883555696	2293.132879987896	2297.139782096481	2306.7346917790946	2316.683090921804	2326.631490064513	2335.2998031411494	2350.6583124929193	2367.1772559975775	2375.386786998246	2385.2151516133413	2402.238804820439	2401.6521719922375	2394.1189740041923	0.0	0.0	0.0	0.0	0.0	0.0	
0.0	0.0	0.0	0.0	0.0	0.0	0.0	0.0	2339.524814358807	2335.611065383011	2331.5970348432475	2328.1982884149397	2319.1757812375613	2310.153274060183	2299.236726386638	2289.073711294559	2281.4046857153207	2273.2422538381156	2264.473992330997	2261.529869970168	2261.957411107363	2260.2272527471127	2253.131144637001	2246.514813257481	2242.9665710698164	2240.3315697268954	2241.6050108270574	2240.605486343671	2242.825734038301	2245.0613394912607	2249.747481427099	2255.409821556513	2263.3239769662023	2272.092242089056	2278.32156106805	2286.8603352337923	2293.5570691127027	2298.41626641211	2299.619997921323	2301.6177710518105	2300.826463916177	2301.109889155821	2301.588585726511	2300.2121967827748	2298.5441120527753	2293.843041794719	2287.509486249327	2283.629575770725	2280.9387203843253	2283.764231410883	2286.521232298336	2289.6245099648377	2295.196008060445	2300.014964678934	2305.8671832988653	2315.6170670479837	2325.366950797102	2339.212172587265	2355.736133408518	2372.3792608794242	2390.314579254906	2410.9032413399996	2426.5389030692827	2443.0072215738332	0.0	0.0	0.0	0.0	0.0	0.0	0.0	
0.0	0.0	0.0	0.0	0.0	0.0	0.0	0.0	0.0	2357.1524546021355	2356.4492906569303	2359.022189579619	2356.662351709453	2345.744179167069	2332.017676701672	2318.2911742362753	2308.0951725331174	2298.7201168964066	2290.0614263333914	2280.6977491811776	2275.568104375282	2273.5526001559906	2266.3494208767474	2258.8652010734777	2249.495878268059	2243.7655066107313	2242.0236785023503	2241.112757024272	2243.502525122034	2246.4088619835097	2248.058826333538	2248.312468204345	2255.5284979551316	2262.744527705918	2270.3271817056575	2278.8133882485586	2285.55660031023	2291.3329295316125	2295.9130342020467	2298.0521412994312	2301.140955181082	2302.608339151805	2303.389628605766	2305.2202493020104	2303.6162041093185	2299.3761481791316	2294.8223317869356	2293.016882284361	2291.51992954305	2289.939616695745	2292.7127703373026	2295.317511890867	2298.185217411917	2303.4395032664434	2309.2026221223528	2315.3034393183543	2328.7045672565546	2344.29713827591	2359.889709295266	2376.4133072300074	2412.3950583858486	2451.4258082323904	2472.054654254476	0.0	0.0	0.0	0.0	0.0	0.0	0.0	0.0	
0.0	0.0	0.0	0.0	0.0	0.0	0.0	0.0	0.0	2382.2371948573873	2384.9142732720256	2387.5913516866644	2389.4006355378665	2382.29392271665	2369.314351485183	2356.860048470002	2338.8895093478413	2324.1979799546966	2314.62122495312	2300.453844253311	2293.40088885536	2286.7704638616215	2279.6520224113306	2272.0587566946083	2262.7118436855935	2253.9585120273186	2245.9939111422627	2241.7504450574716	2244.864756071785	2247.756384475759	2248.1268198799185	2246.6866673558034	2253.9026971065896	2255.8937379235995	2263.1966079221297	2271.38571772652	2278.9121975383455	2284.9640437250036	2290.8165307601057	2295.0073967751896	2298.0853728025845	2303.702597435045	2304.9916741472557	2307.177071657543	2308.6882961658616	2306.99822059878	2305.7306417607824	2304.587287543138	2303.1547522174237	2300.4966030947207	2299.0013166455315	2302.4974032477735	2305.2572176139583	2306.8640418539535	2312.5380609458407	2320.607818405196	2332.6939212210436	2348.4486491785797	2364.2033771361157	2389.9980075736703	2429.180044459218	2469.5920724321945	0.0	0.0	0.0	0.0	0.0	0.0	0.0	0.0	0.0	
0.0	0.0	0.0	0.0	0.0	0.0	0.0	0.0	0.0	0.0	2414.2910059014334	2416.100289752636	2416.6250251377796	2417.1497605229233	2409.6361907914943	2398.472817222907	2379.230520145212	2356.0747323165747	2334.3773200252535	2320.6039260044113	2313.118108125878	2300.338854423593	2293.0276954551828	2285.2699299011438	2276.2532436952697	2267.5307869285803	2259.7443896915493	2254.482921429839	2252.65869400092	2248.962887978428	2246.4735160883033	2245.060866507262	2247.8539594657495	2248.7594707440844	2255.886945285745	2263.7332361393155	2271.259715951141	2278.595157918394	2284.447561630077	2290.394912169641	2295.0297904240865	2300.647015056547	2306.31498418095	2308.4436630966106	2310.7262093351096	2318.3382497968096	2317.0652306170937	2315.9758247812733	2314.789574891798	2312.317591761266	2310.0694869962667	2309.850155661118	2312.792690572669	2313.934623024454	2318.081918473607	2327.09393727549	2338.7250576916217	2352.0105408108357	2376.848126371676	2406.468189672737	2436.0882529737987	2475.270289859346	0.0	0.0	0.0	0.0	0.0	0.0	0.0	0.0	0.0	
0.0	0.0	0.0	0.0	0.0	0.0	0.0	0.0	0.0	0.0	0.0	2452.876299883841	2455.2759421370333	2462.9036467422593	2457.4521778226917	2440.0855859758117	2419.524313949942	2396.1467551031133	2366.5495211231114	2340.34294858579	2326.3609025404285	2313.9440739424945	2306.426067164566	2295.663907412972	2289.22427847325	2281.232637065913	2274.8356758115633	2269.645623695955	2265.1084016684017	2254.3183579444944	2250.952484702853	2245.36010350426	2244.954322588133	2244.164233892214	2249.923419788088	2257.456088973858	2263.8782899563425	2271.2864325845408	2277.5911171298294	2283.344915219992	2289.971683445492	2296.429613732823	2302.017328354016	2309.456723091789	2311.621674766387	2321.1258128543586	2328.4034893934927	2326.4734171399614	2323.7445691248395	2324.389787896219	2322.076078916339	2320.903991803927	2320.7176603837593	2326.451173799154	2330.9444191630655	2333.580056145784	2344.7561941622	2361.0958644410284	2382.4949199957355	2413.705433069076	2444.9159461424165	0.0	0.0	0.0	0.0	0.0	0.0	0.0	0.0	0.0	0.0	
0.0	0.0	0.0	0.0	0.0	0.0	0.0	0.0	0.0	0.0	0.0	0.0	2505.137264258665	2525.613756263588	2515.142696915442	2493.66425599125	2459.5963367364807	2435.874662405952	2405.359580777944	2368.834229389029	2342.94110191069	2327.3954812958796	2314.798436475334	2304.2565222336307	2297.785745171485	2291.95944001355	2288.4406400499356	2282.6965124943113	2270.4027796266446	2259.6738279105607	2254.2801907971634	2247.072873662275	2246.6670927461482	2242.864767015733	2248.6267393420003	2252.8066935319916	2257.7158861499556	2264.809074377118	2270.8660180191937	2275.670084777083	2282.2896952051083	2291.3464191744088	2297.719672527082	2305.3285460061434	2312.517140197664	2320.846329692836	2328.8920399271856	2334.659745660058	2331.930897644936	2333.4391926831504	2334.082670836412	2334.187226434864	2335.531194416519	2339.8111308215257	2344.6227458973763	2346.4400724801944	2354.163332170786	2371.7893363812886	2392.6339584824573	2415.407983735961	0.0	0.0	0.0	0.0	0.0	0.0	0.0	0.0	0.0	0.0	0.0	
0.0	0.0	0.0	0.0	0.0	0.0	0.0	0.0	0.0	0.0	0.0	0.0	0.0	2588.323865784917	2577.4861437495465	2577.906478538929	2524.571087577815	2474.70377623514	2435.6481726962998	2399.9068627144825	2373.7666194833364	2342.328736872126	2323.1708057861006	2312.830003354219	2305.8547749484146	2300.1027931725553	2297.096433302848	2292.7819934432637	2278.6623781550243	2265.0892556979807	2255.97781105932	2248.7856438202903	2245.459781998161	2241.565300139252	2244.994729449423	2247.1063834718866	2252.015576089851	2258.467146490489	2264.38940160338	2268.7554568439223	2274.6077069647245	2283.5538453017402	2292.411017292059	2299.925404099899	2306.956459033853	2318.2211241359873	2326.2668343703363	2334.585162291308	2340.117226165032	2341.738901744284	2344.4362353129636	2349.5499828805696	2350.7256603143223	2354.6208914387034	2358.626643485889	2364.990815673939	2372.284408592565	2382.4828083215484	2402.772996969179	0.0	0.0	0.0	0.0	0.0	0.0	0.0	0.0	0.0	0.0	0.0	0.0	
0.0	0.0	0.0	0.0	0.0	0.0	0.0	0.0	0.0	0.0	0.0	0.0	0.0	0.0	2661.728366297226	2659.335402986385	2601.9568003355	2524.018111475323	2469.249185278549	2430.8147795814493	2393.2680376205726	2362.588590703795	2343.160151869243	2322.2165122997253	2313.947846805496	2308.622753438571	2308.3386031852924	2303.86654003189	2289.2278086075457	2274.8129423256296	2265.6367446440822	2256.379492533745	2251.068771315021	2244.9578392597255	2244.9905315165915	2246.5521367772103	2245.8653224082814	2252.2702416907514	2257.4579982909036	2261.7149197401436	2266.4230790335855	2273.8991570728854	2282.7458235756603	2293.5749794722487	2300.826447094482	2312.5230786781863	2323.6416288134865	2332.176828184949	2341.238957937241	2351.5363056228207	2354.2336391915005	2360.723897331861	2365.982711111143	2370.980021605772	2377.291200829654	2384.309762005993	2391.3609245198495	2400.6038847433283	0.0	0.0	0.0	0.0	0.0	0.0	0.0	0.0	0.0	0.0	0.0	0.0	0.0	
0.0	0.0	0.0	0.0	0.0	0.0	0.0	0.0	0.0	0.0	0.0	0.0	0.0	0.0	0.0	2736.7700230993955	2653.0406697033513	2576.948329149148	2521.8728522766423	2449.2493773602687	2412.7694557578093	2382.846848006177	2353.46492148834	2333.0921656247124	2324.0590560749188	2314.570812864513	2317.639140718225	2314.5354569867013	2298.920887334216	2284.536628953279	2275.1809852029505	2265.8508986832235	2260.1758014769243	2251.839443181493	2251.874551343547	2247.5878204667465	2243.591935070417	2245.5026206914135	2250.6754596003143	2254.4083121220638	2259.1139395578316	2265.1174208258008	2273.0806298592615	2283.90978575585	2294.696435155111	2305.6612429012603	2316.640927351861	2331.1184121003243	2340.1805418526164	2353.390078498477	2364.0310430700374	2370.397308890766	2377.6919865875016	2389.530750863319	2395.7800086089574	2402.975745214672	0.0	0.0	0.0	0.0	0.0	0.0	0.0	0.0	0.0	0.0	0.0	0.0	0.0	0.0	0.0	
0.0	0.0	0.0	0.0	0.0	0.0	0.0	0.0	0.0	0.0	0.0	0.0	0.0	0.0	0.0	0.0	0.0	2629.7933896818386	2536.52803476328	2466.5538834707704	2430.3103134010234	2391.2636711130313	2363.7696911074377	2343.5019352596464	2325.8793735139525	2316.7280691020687	2319.6617283935175	2317.045389730749	2303.752871836704	2291.9810349065674	2283.8241212945663	2275.3223048327022	2267.0574053986916	2258.7210471032604	2254.350260944364	2248.3445587269766	2244.3486733306477	2241.4608680219467	2243.908516775786	2247.534953861822	2251.8048000820772	2257.679561335146	2263.7053512546486	2273.535721237403	2284.0673648937473	2297.361716697149	2308.34140114775	2324.2984867776886	2339.1221257679913	2352.2016434651914	2366.7436243524858	2380.775072109858	2388.069749806593	2401.970548629529	2414.3059631137403	0.0	0.0	0.0	0.0	0.0	0.0	0.0	0.0	0.0	0.0	0.0	0.0	0.0	0.0	0.0	0.0	
0.0	0.0	0.0	0.0	0.0	0.0	0.0	0.0	0.0	0.0	0.0	0.0	0.0	0.0	0.0	0.0	0.0	0.0	2551.183217249918	2483.858389581272	2434.501717633048	2396.0060916666434	2369.3628804007903	2345.720381371582	2327.6996909529853	2318.782182869466	2321.2513306100864	2318.50185727748	2305.9059603306982	2294.8804230157207	2286.723509403719	2279.9502667699203	2271.9095092637413	2264.583539385256	2258.358339114809	2252.3288595024815	2247.082491127337	2244.3214635302493	2240.6548206818516	2243.5197845175567	2246.7107077652204	2249.666315877449	2255.68547577181	2263.2829288609105	2273.346857644713	2286.782072619846	2300.041874943639	2316.1468175159384	2333.9739612194603	2352.37639711058	2366.9413859640945	2384.034745941573	2398.447513025684	2411.9998242891234	0.0	0.0	0.0	0.0	0.0	0.0	0.0	0.0	0.0	0.0	0.0	0.0	0.0	0.0	0.0	0.0	0.0	
0.0	0.0	0.0	0.0	0.0	0.0	0.0	0.0	0.0	0.0	0.0	0.0	0.0	0.0	0.0	0.0	0.0	0.0	0.0	0.0	2438.497825273421	2400.7485122202556	2372.013768393421	2348.5939982589653	2330.2510298319785	2320.044963740191	2322.7000261731887	2320.531342247905	2308.7916508425537	2297.779811124874	2290.8735435259628	2284.3286980507837	2276.746423535837	2270.4107280793096	2264.185527808863	2259.345237912208	2253.4595637063026	2248.301977885787	2244.6353350373893	2240.0096696662813	2243.2037159659994	2243.9917636196355	2247.6656002889713	2255.263053378072	2262.9971085079887	2277.712539938111	2292.8758022185957	2310.6278289668976	2328.454972670419	2348.3829536249154	2367.1391475757027	2384.1310004255492	0.0	0.0	0.0	0.0	0.0	0.0	0.0	0.0	0.0	0.0	0.0	0.0	0.0	0.0	0.0	0.0	0.0	0.0	0.0	
0.0	0.0	0.0	0.0	0.0	0.0	0.0	0.0	0.0	0.0	0.0	0.0	0.0	0.0	0.0	0.0	0.0	0.0	0.0	0.0	0.0	0.0	2374.6646563860522	2351.274903132818	2330.994577444359	2321.075535908437	2321.4914313743666	2315.1689860878564	2305.6560366068934	2296.680741559862	2292.21737966458	2288.2441916680987	2282.573612229891	2276.237916773363	2271.0935928130903	2266.361616321935	2260.4759421160293	2253.954195283275	2248.615849392927	2243.810539248629	2240.4557788647917	2242.2074186748614	2244.331539928173	2252.5861487142083	2261.9685782153624	2271.874890401359	2286.9441383210856	2304.7329648194586	2322.935984121378	2342.80859062619	0.0	0.0	0.0	0.0	0.0	0.0	0.0	0.0	0.0	0.0	0.0	0.0	0.0	0.0	0.0	0.0	0.0	0.0	0.0	0.0	0.0	
0.0	0.0	0.0	0.0	0.0	0.0	0.0	0.0	0.0	0.0	0.0	0.0	0.0	0.0	0.0	0.0	0.0	0.0	0.0	0.0	0.0	0.0	0.0	0.0	2331.7381250567396	2320.321527785414	2315.68775628558	2309.3330367294093	2299.1816807496903	2289.822970390335	2285.368766744065	2286.884044739233	2281.321641666225	2278.596072297227	2274.6245996324205	2269.9586916828885	2264.7908297758095	2258.1486191294116	2252.469762686218	2247.7583479536534	2243.9981312958384	2244.045061050872	2246.1573119192676	2252.406748486151	2260.9400479227356	2270.8426857707836	2281.012474423575	0.0	0.0	0.0	0.0	0.0	0.0	0.0	0.0	0.0	0.0	0.0	0.0	0.0	0.0	0.0	0.0	0.0	0.0	0.0	0.0	0.0	0.0	0.0	0.0	
0.0	0.0	0.0	0.0	0.0	0.0	0.0	0.0	0.0	0.0	0.0	0.0	0.0	0.0	0.0	0.0	0.0	0.0	0.0	0.0	0.0	0.0	0.0	0.0	0.0	0.0	0.0	0.0	2292.3075755627106	2282.965199220808	2284.0157568251093	2285.523897810368	2282.0295585685585	2281.416357112845	2277.4192162986683	2272.5297482401375	2267.3818102297682	2261.8087709398883	2256.1293830790405	2251.66226489137	2247.941896787919	2247.3001241904303	2247.983083910363	2254.2325204772465	0.0	0.0	0.0	0.0	0.0	0.0	0.0	0.0	0.0	0.0	0.0	0.0	0.0	0.0	0.0	0.0	0.0	0.0	0.0	0.0	0.0	0.0	0.0	0.0	0.0	0.0	0.0	
0.0	0.0	0.0	0.0	0.0	0.0	0.0	0.0	0.0	0.0	0.0	0.0	0.0	0.0	0.0	0.0	0.0	0.0	0.0	0.0	0.0	0.0	0.0	0.0	0.0	0.0	0.0	0.0	0.0	0.0	0.0	0.0	0.0	0.0	0.0	2275.1008047973874	2269.9528667870177	0.0	0.0	0.0	0.0	0.0	0.0	0.0	0.0	0.0	0.0	0.0	0.0	0.0	0.0	0.0	0.0	0.0	0.0	0.0	0.0	0.0	0.0	0.0	0.0	0.0	0.0	0.0	0.0	0.0	0.0	0.0	0.0	0.0	0.0	
0.0	0.0	0.0	0.0	0.0	0.0	0.0	0.0	0.0	0.0	0.0	0.0	0.0	0.0	0.0	0.0	0.0	0.0	0.0	0.0	0.0	0.0	0.0	0.0	0.0	0.0	0.0	0.0	0.0	0.0	0.0	0.0	0.0	0.0	0.0	0.0	0.0	0.0	0.0	0.0	0.0	0.0	0.0	0.0	0.0	0.0	0.0	0.0	0.0	0.0	0.0	0.0	0.0	0.0	0.0	0.0	0.0	0.0	0.0	0.0	0.0	0.0	0.0	0.0	0.0	0.0	0.0	0.0	0.0	0.0	0.0	
RGB-data
imageType	bytesPerPixel
0	1
0	0	0	0	0	0	0	0	0	0	0	0	0	0	0	0	0	0	0	0	0	0	0	0	0	0	0	0	0	0	0	0	0	0	0	0	0	0	0	0	0	0	0	0	0	0	0	0	0	0	0	0	0	0	0	0	0	0	0	0	0	0	0	0	0	0	0	0	0	0	0	
0	0	0	0	0	0	0	0	0	0	0	0	0	0	0	0	0	0	0	0	0	0	0	0	0	0	0	0	0	0	0	0	0	0	0	0	0	0	0	0	0	0	0	0	0	0	0	0	0	0	0	0	0	0	0	0	0	0	0	0	0	0	0	0	0	0	0	0	0	0	0	
0	0	0	0	0	0	0	0	0	0	0	0	0	0	0	0	0	0	0	0	0	0	0	0	0	0	0	0	0	0	0	0	0	0	0	0	0	0	0	0	0	0	0	0	0	0	0	0	0	0	0	0	0	0	0	0	0	0	0	0	0	0	0	0	0	0	0	0	0	0	0	
0	0	0	0	0	0	0	0	0	0	0	0	0	0	0	0	0	0	0	0	0	0	0	0	0	0	0	0	0	0	0	0	0	0	0	0	0	0	0	0	0	0	0	0	0	0	0	0	0	0	0	0	0	0	0	0	0	0	0	0	0	0	0	0	0	0	0	0	0	0	0	
0	0	0	0	0	0	0	0	0	0	0	0	0	0	0	0	0	0	0	0	0	0	0	0	0	0	0	0	0	0	0	0	0	0	0	0	0	0	0	0	0	0	0	0	0	0	0	0	0	0	0	0	0	0	0	0	0	0	0	0	0	0	0	0	0	0	0	0	0	0	0	
0	0	0	0	0	0	0	0	0	0	0	0	0	0	0	0	0	0	0	0	0	0	0	0	0	0	0	0	0	0	0	0	0	0	0	0	0	0	0	0	0	0	0	0	0	0	0	0	0	0	0	0	0	0	0	0	0	0	0	0	0	0	0	0	0	0	0	0	0	0	0	
0	0	0	0	0	0	0	0	0	0	0	0	0	0	0	0	0	0	0	0	0	0	0	0	0	0	0	0	0	0	0	0	0	0	0	0	0	0	0	0	0	0	0	0	0	0	0	0	0	0	0	0	0	0	0	0	0	0	0	0	0	0	0	0	0	0	0	0	0	0	0	
0	0	0	0	0	0	0	0	0	0	0	0	0	0	0	0	0	0	0	0	0	0	0	0	0	0	0	0	0	0	0	0	0	0	0	0	0	0	0	0	0	0	0	0	0	0	0	0	0	0	0	0	0	0	0	0	0	0	0	0	0	0	0	0	0	0	0	0	0	0	0	
0	0	0	0	0	0	0	0	0	0	0	0	0	0	0	0	0	0	0	0	0	0	0	0	0	0	0	0	0	0	0	0	0	0	0	0	0	0	0	0	0	0	0	0	0	0	0	0	0	0	0	0	0	0	0	0	0	0	0	0	0	0	0	0	0	0	0	0	0	0	0	
0	0	0	0	0	0	0	0	0	0	0	0	0	0	0	0	0	0	0	0	0	0	0	0	0	0	0	0	0	0	0	0	0	0	0	0	0	0	0	0	0	0	0	0	0	0	0	0	0	0	0	0	0	0	0	0	0	0	0	0	0	0	0	0	0	0	0	0	0	0	0	
0	0	0	0	0	0	0	0	0	0	0	0	0	0	0	0	0	0	0	0	0	0	0	0	0	0	0	0	0	0	0	0	0	0	0	0	0	0	0	0	0	0	0	0	0	0	0	0	0	0	0	0	0	0	0	0	0	0	0	0	0	0	0	0	0	0	0	0	0	0	0	
0	0	0	0	0	0	0	0	0	0	0	0	0	0	0	0	0	0	0	0	0	0	0	0	0	0	0	0	0	0	0	0	0	0	0	0	0	0	0	0	0	0	0	0	0	0	0	0	0	0	0	0	0	0	0	0	0	0	0	0	0	0	0	0	0	0	0	0	0	0	0	
0	0	0	0	0	0	0	0	0	0	0	0	0	0	0	0	0	0	0	0	0	0	0	0	0	0	0	0	0	0	0	0	0	0	0	0	0	0	0	0	0	0	0	0	0	0	0	0	0	0	0	0	0	0	0	0	0	0	0	0	0	0	0	0	0	0	0	0	0	0	0	
0	0	0	0	0	0	0	0	0	0	0	0	0	0	0	0	0	0	0	0	0	0	0	0	0	0	0	0	0	0	0	0	0	0	0	0	0	0	0	0	0	0	0	0	0	0	0	0	0	0	0	0	0	0	0	0	0	0	0	0	0	0	0	0	0	0	0	0	0	0	0	
0	0	0	0	0	0	0	0	0	0	0	0	0	0	0	0	0	0	0	0	0	0	0	0	0	0	0	0	0	0	0	0	0	0	0	0	0	0	0	0	0	0	0	0	0	0	0	0	0	0	0	0	0	0	0	0	0	0	0	0	0	0	0	0	0	0	0	0	0	0	0	
0	0	0	0	0	0	0	0	0	0	0	0	0	0	0	0	0	0	0	0	0	0	0	0	0	0	0	0	0	0	0	0	0	0	0	0	0	0	0	0	0	0	0	0	0	0	0	0	0	0	0	0	0	0	0	0	0	0	0	0	0	0	0	0	0	0	0	0	0	0	0	
0	0	0	0	0	0	0	0	0	0	0	0	0	0	0	0	0	0	0	0	0	0	0	0	0	0	0	0	0	0	0	0	0	0	0	0	0	0	0	0	0	0	0	0	0	0	0	0	0	0	0	0	0	0	0	0	0	0	0	0	0	0	0	0	0	0	0	0	0	0	0	
0	0	0	0	0	0	0	0	0	0	0	0	0	0	0	0	0	0	0	0	0	0	0	0	0	0	0	0	0	0	0	0	0	0	0	0	0	0	0	0	0	0	0	0	0	0	0	0	0	0	0	0	0	0	0	0	0	0	0	0	0	0	0	0	0	0	0	0	0	0	0	
0	0	0	0	0	0	0	0	0	0	0	0	0	0	0	0	0	0	0	0	0	0	0	0	0	0	0	0	0	0	0	0	0	0	0	0	0	0	0	0	0	0	0	0	0	0	0	0	0	0	0	0	0	0	0	0	0	0	0	0	0	0	0	0	0	0	0	0	0	0	0	
0	0	0	0	0	0	0	0	0	0	0	0	0	0	0	0	0	0	0	0	0	0	0	0	0	0	0	0	0	0	0	0	0	0	0	0	0	0	0	0	0	0	0	0	0	0	0	0	0	0	0	0	0	0	0	0	0	0	0	0	0	0	0	0	0	0	0	0	0	0	0	
0	0	0	0	0	0	0	0	0	0	0	0	0	0	0	0	0	0	0	0	0	0	0	0	0	0	0	0	0	0	0	0	0	0	0	0	0	0	0	0	0	0	0	0	0	0	0	0	0	0	0	0	0	0	0	0	0	0	0	0	0	0	0	0	0	0	0	0	0	0	0	
0	0	0	0	0	0	0	0	0	0	0	0	0	0	0	0	0	0	0	0	0	0	0	0	0	0	0	0	0	0	0	0	0	0	0	0	0	0	0	0	0	0	0	0	0	0	0	0	0	0	0	0	0	0	0	0	0	0	0	0	0	0	0	0	0	0	0	0	0	0	0	
0	0	0	0	0	0	0	0	0	0	0	0	0	0	0	0	0	0	0	0	0	0	0	0	0	0	0	0	0	0	0	0	0	0	0	0	0	0	0	0	0	0	0	0	0	0	0	0	0	0	0	0	0	0	0	0	0	0	0	0	0	0	0	0	0	0	0	0	0	0	0	
0	0	0	0	0	0	0	0	0	0	0	0	0	0	0	0	0	0	0	0	0	0	0	0	0	0	0	0	0	0	0	0	0	0	0	0	0	0	0	0	0	0	0	0	0	0	0	0	0	0	0	0	0	0	0	0	0	0	0	0	0	0	0	0	0	0	0	0	0	0	0	
0	0	0	0	0	0	0	0	0	0	0	0	0	0	0	0	0	0	0	0	0	0	0	0	0	0	0	0	0	0	0	0	0	0	0	0	0	0	0	0	0	0	0	0	0	0	0	0	0	0	0	0	0	0	0	0	0	0	0	0	0	0	0	0	0	0	0	0	0	0	0	
0	0	0	0	0	0	0	0	0	0	0	0	0	0	0	0	0	0	0	0	0	0	0	0	0	0	0	0	0	0	0	0	0	0	0	0	0	0	0	0	0	0	0	0	0	0	0	0	0	0	0	0	0	0	0	0	0	0	0	0	0	0	0	0	0	0	0	0	0	0	0	
0	0	0	0	0	0	0	0	0	0	0	0	0	0	0	0	0	0	0	0	0	0	0	0	0	0	0	0	0	0	0	0	0	0	0	0	0	0	0	0	0	0	0	0	0	0	0	0	0	0	0	0	0	0	0	0	0	0	0	0	0	0	0	0	0	0	0	0	0	0	0	
0	0	0	0	0	0	0	0	0	0	0	0	0	0	0	0	0	0	0	0	0	0	0	0	0	0	0	0	0	0	0	0	0	0	0	0	0	0	0	0	0	0	0	0	0	0	0	0	0	0	0	0	0	0	0	0	0	0	0	0	0	0	0	0	0	0	0	0	0	0	0	
0	0	0	0	0	0	0	0	0	0	0	0	0	0	0	0	0	0	0	0	0	0	0	0	0	0	0	0	0	0	0	0	0	0	0	0	0	0	0	0	0	0	0	0	0	0	0	0	0	0	0	0	0	0	0	0	0	0	0	0	0	0	0	0	0	0	0	0	0	0	0	
0	0	0	0	0	0	0	0	0	0	0	0	0	0	0	0	0	0	0	0	0	0	0	0	0	0	0	0	0	0	0	0	0	0	0	0	0	0	0	0	0	0	0	0	0	0	0	0	0	0	0	0	0	0	0	0	0	0	0	0	0	0	0	0	0	0	0	0	0	0	0	
0	0	0	0	0	0	0	0	0	0	0	0	0	0	0	0	0	0	0	0	0	0	0	0	0	0	0	0	0	0	0	0	0	0	0	0	0	0	0	0	0	0	0	0	0	0	0	0	0	0	0	0	0	0	0	0	0	0	0	0	0	0	0	0	0	0	0	0	0	0	0	
0	0	0	0	0	0	0	0	0	0	0	0	0	0	0	0	0	0	0	0	0	0	0	0	0	0	0	0	0	0	0	0	0	0	0	0	0	0	0	0	0	0	0	0	0	0	0	0	0	0	0	0	0	0	0	0	0	0	0	0	0	0	0	0	0	0	0	0	0	0	0	
0	0	0	0	0	0	0	0	0	0	0	0	0	0	0	0	0	0	0	0	0	0	0	0	0	0	0	0	0	0	0	0	0	0	0	0	0	0	0	0	0	0	0	0	0	0	0	0	0	0	0	0	0	0	0	0	0	0	0	0	0	0	0	0	0	0	0	0	0	0	0	
0	0	0	0	0	0	0	0	0	0	0	0	0	0	0	0	0	0	0	0	0	0	0	0	0	0	0	0	0	0	0	0	0	0	0	0	0	0	0	0	0	0	0	0	0	0	0	0	0	0	0	0	0	0	0	0	0	0	0	0	0	0	0	0	0	0	0	0	0	0	0	
0	0	0	0	0	0	0	0	0	0	0	0	0	0	0	0	0	0	0	0	0	0	0	0	0	0	0	0	0	0	0	0	0	0	0	0	0	0	0	0	0	0	0	0	0	0	0	0	0	0	0	0	0	0	0	0	0	0	0	0	0	0	0	0	0	0	0	0	0	0	0	
0	0	0	0	0	0	0	0	0	0	0	0	0	0	0	0	0	0	0	0	0	0	0	0	0	0	0	0	0	0	0	0	0	0	0	0	0	0	0	0	0	0	0	0	0	0	0	0	0	0	0	0	0	0	0	0	0	0	0	0	0	0	0	0	0	0	0	0	0	0	0	
0	0	0	0	0	0	0	0	0	0	0	0	0	0	0	0	0	0	0	0	0	0	0	0	0	0	0	0	0	0	0	0	0	0	0	0	0	0	0	0	0	0	0	0	0	0	0	0	0	0	0	0	0	0	0	0	0	0	0	0	0	0	0	0	0	0	0	0	0	0	0	
0	0	0	0	0	0	0	0	0	0	0	0	0	0	0	0	0	0	0	0	0	0	0	0	0	0	0	0	0	0	0	0	0	0	0	0	0	0	0	0	0	0	0	0	0	0	0	0	0	0	0	0	0	0	0	0	0	0	0	0	0	0	0	0	0	0	0	0	0	0	0	
0	0	0	0	0	0	0	0	0	0	0	0	0	0	0	0	0	0	0	0	0	0	0	0	0	0	0	0	0	0	0	0	0	0	0	0	0	0	0	0	0	0	0	0	0	0	0	0	0	0	0	0	0	0	0	0	0	0	0	0	0	0	0	0	0	0	0	0	0	0	0	
0	0	0	0	0	0	0	0	0	0	0	0	0	0	0	0	0	0	0	0	0	0	0	0	0	0	0	0	0	0	0	0	0	0	0	0	0	0	0	0	0	0	0	0	0	0	0	0	0	0	0	0	0	0	0	0	0	0	0	0	0	0	0	0	0	0	0	0	0	0	0	
0	0	0	0	0	0	0	0	0	0	0	0	0	0	0	0	0	0	0	0	0	0	0	0	0	0	0	0	0	0	0	0	0	0	0	0	0	0	0	0	0	0	0	0	0	0	0	0	0	0	0	0	0	0	0	0	0	0	0	0	0	0	0	0	0	0	0	0	0	0	0	
0	0	0	0	0	0	0	0	0	0	0	0	0	0	0	0	0	0	0	0	0	0	0	0	0	0	0	0	0	0	0	0	0	0	0	0	0	0	0	0	0	0	0	0	0	0	0	0	0	0	0	0	0	0	0	0	0	0	0	0	0	0	0	0	0	0	0	0	0	0	0	
0	0	0	0	0	0	0	0	0	0	0	0	0	0	0	0	0	0	0	0	0	0	0	0	0	0	0	0	0	0	0	0	0	0	0	0	0	0	0	0	0	0	0	0	0	0	0	0	0	0	0	0	0	0	0	0	0	0	0	0	0	0	0	0	0	0	0	0	0	0	0	
0	0	0	0	0	0	0	0	0	0	0	0	0	0	0	0	0	0	0	0	0	0	0	0	0	0	0	0	0	0	0	0	0	0	0	0	0	0	0	0	0	0	0	0	0	0	0	0	0	0	0	0	0	0	0	0	0	0	0	0	0	0	0	0	0	0	0	0	0	0	0	
0	0	0	0	0	0	0	0	0	0	0	0	0	0	0	0	0	0	0	0	0	0	0	0	0	0	0	0	0	0	0	0	0	0	0	0	0	0	0	0	0	0	0	0	0	0	0	0	0	0	0	0	0	0	0	0	0	0	0	0	0	0	0	0	0	0	0	0	0	0	0	
0	0	0	0	0	0	0	0	0	0	0	0	0	0	0	0	0	0	0	0	0	0	0	0	0	0	0	0	0	0	0	0	0	0	0	0	0	0	0	0	0	0	0	0	0	0	0	0	0	0	0	0	0	0	0	0	0	0	0	0	0	0	0	0	0	0	0	0	0	0	0	
0	0	0	0	0	0	0	0	0	0	0	0	0	0	0	0	0	0	0	0	0	0	0	0	0	0	0	0	0	0	0	0	0	0	0	0	0	0	0	0	0	0	0	0	0	0	0	0	0	0	0	0	0	0	0	0	0	0	0	0	0	0	0	0	0	0	0	0	0	0	0	
0	0	0	0	0	0	0	0	0	0	0	0	0	0	0	0	0	0	0	0	0	0	0	0	0	0	0	0	0	0	0	0	0	0	0	0	0	0	0	0	0	0	0	0	0	0	0	0	0	0	0	0	0	0	0	0	0	0	0	0	0	0	0	0	0	0	0	0	0	0	0	
0	0	0	0	0	0	0	0	0	0	0	0	0	0	0	0	0	0	0	0	0	0	0	0	0	0	0	0	0	0	0	0	0	0	0	0	0	0	0	0	0	0	0	0	0	0	0	0	0	0	0	0	0	0	0	0	0	0	0	0	0	0	0	0	0	0	0	0	0	0	0	
0	0	0	0	0	0	0	0	0	0	0	0	0	0	0	0	0	0	0	0	0	0	0	0	0	0	0	0	0	0	0	0	0	0	0	0	0	0	0	0	0	0	0	0	0	0	0	0	0	0	0	0	0	0	0	0	0	0	0	0	0	0	0	0	0	0	0	0	0	0	0	
0	0	0	0	0	0	0	0	0	0	0	0	0	0	0	0	0	0	0	0	0	0	0	0	0	0	0	0	0	0	0	0	0	0	0	0	0	0	0	0	0	0	0	0	0	0	0	0	0	0	0	0	0	0	0	0	0	0	0	0	0	0	0	0	0	0	0	0	0	0	0	
0	0	0	0	0	0	0	0	0	0	0	0	0	0	0	0	0	0	0	0	0	0	0	0	0	0	0	0	0	0	0	0	0	0	0	0	0	0	0	0	0	0	0	0	0	0	0	0	0	0	0	0	0	0	0	0	0	0	0	0	0	0	0	0	0	0	0	0	0	0	0	
0	0	0	0	0	0	0	0	0	0	0	0	0	0	0	0	0	0	0	0	0	0	0	0	0	0	0	0	0	0	0	0	0	0	0	0	0	0	0	0	0	0	0	0	0	0	0	0	0	0	0	0	0	0	0	0	0	0	0	0	0	0	0	0	0	0	0	0	0	0	0	
0	0	0	0	0	0	0	0	0	0	0	0	0	0	0	0	0	0	0	0	0	0	0	0	0	0	0	0	0	0	0	0	0	0	0	0	0	0	0	0	0	0	0	0	0	0	0	0	0	0	0	0	0	0	0	0	0	0	0	0	0	0	0	0	0	0	0	0	0	0	0	
0	0	0	0	0	0	0	0	0	0	0	0	0	0	0	0	0	0	0	0	0	0	0	0	0	0	0	0	0	0	0	0	0	0	0	0	0	0	0	0	0	0	0	0	0	0	0	0	0	0	0	0	0	0	0	0	0	0	0	0	0	0	0	0	0	0	0	0	0	0	0	
0	0	0	0	0	0	0	0	0	0	0	0	0	0	0	0	0	0	0	0	0	0	0	0	0	0	0	0	0	0	0	0	0	0	0	0	0	0	0	0	0	0	0	0	0	0	0	0	0	0	0	0	0	0	0	0	0	0	0	0	0	0	0	0	0	0	0	0	0	0	0	
0	0	0	0	0	0	0	0	0	0	0	0	0	0	0	0	0	0	0	0	0	0	0	0	0	0	0	0	0	0	0	0	0	0	0	0	0	0	0	0	0	0	0	0	0	0	0	0	0	0	0	0	0	0	0	0	0	0	0	0	0	0	0	0	0	0	0	0	0	0	0	
0	0	0	0	0	0	0	0	0	0	0	0	0	0	0	0	0	0	0	0	0	0	0	0	0	0	0	0	0	0	0	0	0	0	0	0	0	0	0	0	0	0	0	0	0	0	0	0	0	0	0	0	0	0	0	0	0	0	0	0	0	0	0	0	0	0	0	0	0	0	0	
0	0	0	0	0	0	0	0	0	0	0	0	0	0	0	0	0	0	0	0	0	0	0	0	0	0	0	0	0	0	0	0	0	0	0	0	0	0	0	0	0	0	0	0	0	0	0	0	0	0	0	0	0	0	0	0	0	0	0	0	0	0	0	0	0	0	0	0	0	0	0	
0	0	0	0	0	0	0	0	0	0	0	0	0	0	0	0	0	0	0	0	0	0	0	0	0	0	0	0	0	0	0	0	0	0	0	0	0	0	0	0	0	0	0	0	0	0	0	0	0	0	0	0	0	0	0	0	0	0	0	0	0	0	0	0	0	0	0	0	0	0	0	
0	0	0	0	0	0	0	0	0	0	0	0	0	0	0	0	0	0	0	0	0	0	0	0	0	0	0	0	0	0	0	0	0	0	0	0	0	0	0	0	0	0	0	0	0	0	0	0	0	0	0	0	0	0	0	0	0	0	0	0	0	0	0	0	0	0	0	0	0	0	0	
0	0	0	0	0	0	0	0	0	0	0	0	0	0	0	0	0	0	0	0	0	0	0	0	0	0	0	0	0	0	0	0	0	0	0	0	0	0	0	0	0	0	0	0	0	0	0	0	0	0	0	0	0	0	0	0	0	0	0	0	0	0	0	0	0	0	0	0	0	0	0	
0	0	0	0	0	0	0	0	0	0	0	0	0	0	0	0	0	0	0	0	0	0	0	0	0	0	0	0	0	0	0	0	0	0	0	0	0	0	0	0	0	0	0	0	0	0	0	0	0	0	0	0	0	0	0	0	0	0	0	0	0	0	0	0	0	0	0	0	0	0	0	
0	0	0	0	0	0	0	0	0	0	0	0	0	0	0	0	0	0	0	0	0	0	0	0	0	0	0	0	0	0	0	0	0	0	0	0	0	0	0	0	0	0	0	0	0	0	0	0	0	0	0	0	0	0	0	0	0	0	0	0	0	0	0	0	0	0	0	0	0	0	0	
0	0	0	0	0	0	0	0	0	0	0	0	0	0	0	0	0	0	0	0	0	0	0	0	0	0	0	0	0	0	0	0	0	0	0	0	0	0	0	0	0	0	0	0	0	0	0	0	0	0	0	0	0	0	0	0	0	0	0	0	0	0	0	0	0	0	0	0	0	0	0	
0	0	0	0	0	0	0	0	0	0	0	0	0	0	0	0	0	0	0	0	0	0	0	0	0	0	0	0	0	0	0	0	0	0	0	0	0	0	0	0	0	0	0	0	0	0	0	0	0	0	0	0	0	0	0	0	0	0	0	0	0	0	0	0	0	0	0	0	0	0	0	
0	0	0	0	0	0	0	0	0	0	0	0	0	0	0	0	0	0	0	0	0	0	0	0	0	0	0	0	0	0	0	0	0	0	0	0	0	0	0	0	0	0	0	0	0	0	0	0	0	0	0	0	0	0	0	0	0	0	0	0	0	0	0	0	0	0	0	0	0	0	0	
0	0	0	0	0	0	0	0	0	0	0	0	0	0	0	0	0	0	0	0	0	0	0	0	0	0	0	0	0	0	0	0	0	0	0	0	0	0	0	0	0	0	0	0	0	0	0	0	0	0	0	0	0	0	0	0	0	0	0	0	0	0	0	0	0	0	0	0	0	0	0	
0	0	0	0	0	0	0	0	0	0	0	0	0	0	0	0	0	0	0	0	0	0	0	0	0	0	0	0	0	0	0	0	0	0	0	0	0	0	0	0	0	0	0	0	0	0	0	0	0	0	0	0	0	0	0	0	0	0	0	0	0	0	0	0	0	0	0	0	0	0	0	
0	0	0	0	0	0	0	0	0	0	0	0	0	0	0	0	0	0	0	0	0	0	0	0	0	0	0	0	0	0	0	0	0	0	0	0	0	0	0	0	0	0	0	0	0	0	0	0	0	0	0	0	0	0	0	0	0	0	0	0	0	0	0	0	0	0	0	0	0	0	0	
0	0	0	0	0	0	0	0	0	0	0	0	0	0	0	0	0	0	0	0	0	0	0	0	0	0	0	0	0	0	0	0	0	0	0	0	0	0	0	0	0	0	0	0	0	0	0	0	0	0	0	0	0	0	0	0	0	0	0	0	0	0	0	0	0	0	0	0	0	0	0	
